1000 9900
363 849
623 23
347 280
612 260
578 660
581 527
360 157
786 937
470 70
363 183
46 198
241 142
919 647
885 953
688 459
800 757
378 481
512 185
203 214
721 277
52 679
618 919
234 924
74 585
854 154
567 338
530 324
235 726
911 961
715 192
74 728
644 204
369 780
765 934
897 631
423 696
355 350
84 128
265 875
772 191
596 283
487 218
892 472
420 17
259 149
387 488
939 823
562 294
621 987
657 506
509 495
704 913
649 622
529 192
953 780
537 717
735 726
761 47
465 666
799 309
662 87
240 586
663 266
850 271
135 173
159 59
608 805
521 978
41 983
61 662
487 751
557 37
903 57
580 346
764 559
727 405
656 378
767 948
96 343
393 769
896 184
314 261
483 390
798 51
418 295
402 736
673 827
447 176
964 366
782 339
937 766
475 683
242 114
631 460
890 710
742 943
213 339
934 755
17 584
694 770
678 647
518 476
22 261
760 136
96 770
868 224
29 338
814 933
30 533
643 714
610 555
778 603
565 305
400 397
592 369
957 167
316 785
248 711
688 676
601 197
21 180
342 997
308 701
297 164
529 497
213 888
722 447
147 614
476 770
335 277
282 131
869 845
763 454
824 842
430 507
197 276
198 119
771 477
130 463
404 658
139 615
306 140
71 803
649 650
745 357
698 621
236 732
383 287
22 35
407 767
784 126
988 246
970 857
97 467
542 709
466 630
894 248
556 417
3 547
944 451
563 539
290 205
515 412
457 580
811 629
189 953
975 270
353 555
542 999
135 439
784 427
745 275
290 60
682 746
555 616
612 623
423 504
647 140
750 757
336 670
379 637
537 150
632 276
732 172
437 93
539 909
671 26
545 284
933 669
698 370
792 243
646 242
365 92
220 865
8 811
213 472
329 763
458 465
4 965
756 962
30 769
835 469
599 276
112 921
179 345
492 240
863 387
691 306
605 840
752 260
734 372
131 363
195 809
542 781
395 686
657 791
93 389
153 592
409 510
246 173
411 152
272 660
913 62
696 314
183 692
437 198
709 378
76 394
549 997
52 525
53 884
832 57
91 53
732 514
913 856
529 451
273 441
257 988
176 652
448 929
755 592
352 749
671 822
555 793
793 988
975 460
816 331
786 761
486 139
534 453
441 73
850 102
263 81
964 310
36 477
954 184
478 974
962 735
138 397
102 842
482 797
34 234
872 720
285 475
986 376
309 469
242 984
498 46
461 186
954 876
192 80
876 971
493 233
829 911
497 238
778 479
357 330
489 578
536 165
816 757
636 494
532 145
722 515
83 883
906 458
104 310
730 22
144 669
877 933
660 829
735 283
576 688
304 979
674 977
215 563
290 998
529 773
276 693
598 112
446 765
195 959
146 233
866 312
169 24
527 813
82 537
307 390
805 395
368 168
424 106
353 324
230 514
175 135
382 985
628 913
735 991
404 731
885 965
60 69
79 947
724 428
102 456
981 315
53 840
511 140
761 161
391 316
54 542
679 789
240 559
926 980
741 961
281 35
983 516
984 670
103 77
129 407
976 734
427 662
124 564
529 918
125 493
533 838
683 4
441 278
59 963
484 348
980 569
234 295
417 269
40 691
262 119
486 401
821 179
916 144
720 497
224 736
8 909
371 883
307 667
513 68
640 905
275 377
930 167
811 232
685 719
377 972
674 160
307 953
129 637
114 405
31 129
575 224
557 533
116 763
203 201
247 23
284 14
490 887
933 951
471 984
826 569
576 668
203 190
929 816
622 935
368 502
852 936
654 98
786 106
951 932
627 956
630 365
807 713
363 186
571 881
398 975
9 556
286 876
515 854
364 288
723 923
939 822
279 201
373 30
376 302
692 614
788 869
127 3
678 401
390 585
374 760
158 565
106 778
838 75
141 313
852 467
581 251
193 682
303 549
73 44
400 780
428 37
392 908
317 713
600 283
3 454
211 299
695 5
509 18
555 766
459 956
256 105
774 303
426 457
34 137
876 877
660 194
343 497
759 916
10 27
931 401
458 841
413 813
95 636
21 377
610 862
263 460
148 129
87 136
345 473
769 335
973 231
298 929
361 214
941 585
877 843
934 274
821 132
750 26
18 179
146 508
347 517
920 747
904 208
981 229
346 727
40 534
916 607
756 798
961 434
501 361
84 455
599 480
805 353
723 744
761 541
925 648
143 767
917 776
973 700
134 790
707 828
892 588
972 620
230 714
156 745
505 57
205 776
938 567
5 924
45 735
762 147
378 664
128 725
616 820
505 283
75 729
426 873
633 23
279 435
373 276
141 430
733 52
263 444
689 182
641 267
258 765
371 156
673 666
230 225
784 285
589 550
185 992
149 133
870 465
394 124
38 647
383 850
461 4
101 237
764 931
216 889
893 1
224 384
737 509
462 662
779 240
659 422
481 23
793 428
355 767
470 28
189 636
835 182
858 221
578 332
108 643
346 824
764 508
649 15
27 367
816 552
251 141
804 877
255 717
848 857
846 756
762 755
445 37
839 405
329 468
443 588
995 107
534 411
605 760
566 870
127 276
312 597
95 202
669 615
586 24
911 734
936 490
153 960
814 271
32 963
865 309
205 812
145 852
92 711
622 241
417 804
215 805
314 676
131 806
857 499
580 735
359 180
607 466
774 683
81 512
561 318
979 27
136 863
693 777
125 343
508 577
624 410
24 736
442 179
444 517
192 470
121 496
638 143
823 11
618 219
328 586
842 515
970 604
189 988
405 783
188 753
319 329
802 885
440 686
205 82
133 757
6 141
537 357
181 153
437 15
989 626
976 831
509 195
980 875
765 491
258 652
440 396
60 845
665 725
738 933
764 165
574 674
907 513
565 37
569 34
994 529
646 366
407 446
299 337
125 735
255 528
312 932
259 767
649 43
834 121
817 877
507 771
184 128
446 738
71 19
203 411
297 82
795 255
48 954
105 973
572 395
772 197
369 576
670 189
748 196
308 997
792 938
541 561
340 438
412 587
54 620
917 546
594 625
98 352
691 205
681 295
349 81
560 688
151 351
267 322
19 953
985 53
282 269
927 447
853 125
719 57
466 866
825 526
384 196
332 522
220 440
565 284
392 719
764 517
343 394
662 282
224 882
153 314
621 797
896 222
825 744
816 37
608 327
396 534
664 217
647 496
336 122
959 418
891 488
413 26
124 732
451 116
164 791
309 202
132 309
509 918
17 755
345 158
553 961
941 774
863 437
485 631
53 383
479 444
852 570
667 510
198 476
473 243
539 432
226 909
140 477
944 51
556 792
915 373
758 343
740 742
286 962
13 186
195 811
714 793
75 833
170 599
227 666
370 930
4 466
245 34
652 422
287 26
175 267
127 2
245 467
690 64
678 481
774 736
495 468
135 798
322 975
37 584
221 251
224 65
408 264
689 137
46 510
463 192
313 15
417 462
823 194
55 116
663 373
267 76
173 397
825 554
148 313
462 409
618 19
926 360
910 877
824 750
828 538
189 772
831 469
46 587
548 393
508 222
681 95
389 339
690 998
964 217
3 103
416 634
336 102
119 357
764 894
860 393
147 206
242 112
461 466
962 345
55 619
855 134
677 738
753 324
184 73
78 613
156 183
821 131
548 845
412 303
905 120
427 492
484 747
122 744
294 924
925 278
285 631
606 453
697 367
760 756
416 383
143 766
166 309
740 666
624 947
507 553
808 314
596 29
818 975
265 981
169 369
763 585
732 568
473 651
667 143
652 217
619 150
286 619
76 907
46 427
432 459
965 63
141 429
992 243
791 343
278 782
463 262
11 897
895 259
466 889
656 457
505 997
602 138
381 10
254 232
951 130
431 878
31 352
966 305
608 33
906 912
854 570
215 116
306 816
453 687
755 35
771 710
189 665
523 153
76 85
694 962
271 951
76 301
459 447
450 214
430 873
336 209
264 782
928 501
621 664
593 511
481 933
635 772
925 472
764 96
514 997
747 162
777 81
38 211
924 144
51 356
5 315
43 760
869 572
942 615
264 330
713 57
303 43
307 428
558 567
464 881
331 5
400 137
827 530
101 793
796 879
378 842
568 758
454 495
184 767
222 859
259 239
776 451
174 407
92 15
236 691
952 644
257 978
277 287
619 114
840 613
698 527
71 515
992 800
3 355
188 829
814 89
301 122
486 62
676 90
516 547
520 550
206 137
714 598
642 201
435 893
186 189
296 533
11 58
127 542
993 916
465 19
194 627
871 911
395 296
916 254
475 70
976 929
594 496
851 419
416 424
966 816
272 716
972 693
755 63
739 642
903 29
890 794
462 755
928 563
254 625
402 806
755 172
920 919
314 426
298 983
461 265
285 251
199 405
938 263
722 955
554 218
775 504
708 941
803 409
199 298
669 6
262 612
484 732
433 806
985 337
623 323
536 837
41 297
385 943
317 428
527 9
57 983
714 915
499 771
668 96
155 95
356 756
807 630
624 876
821 526
880 454
933 68
58 782
350 494
942 754
861 994
255 87
438 605
990 30
629 326
494 969
903 765
904 805
300 598
526 412
439 445
222 823
886 462
852 74
908 228
729 385
359 74
253 963
533 753
951 262
790 128
22 126
408 446
852 441
869 573
512 820
434 750
662 78
876 941
116 508
391 220
111 699
132 988
993 214
480 399
979 935
680 264
186 81
133 566
923 700
211 766
54 88
224 883
902 266
590 168
545 326
55 678
955 380
821 764
618 478
836 425
888 606
879 64
875 213
573 918
690 850
917 831
968 880
988 659
220 517
116 598
138 784
357 364
893 298
552 922
732 599
216 511
961 969
911 44
34 688
411 574
223 132
740 50
958 73
706 254
998 894
378 351
752 608
569 174
866 504
446 268
469 245
719 331
825 389
807 813
921 838
553 889
235 856
65 738
454 250
630 355
903 963
264 258
363 764
506 221
259 994
403 953
61 173
247 582
657 110
676 478
18 672
700 452
3 12
957 467
173 452
266 742
339 932
1000 810
305 852
163 370
577 288
886 298
338 276
837 254
785 339
588 608
645 743
481 228
796 629
49 472
610 422
899 356
484 833
687 397
768 512
385 111
81 984
284 795
579 215
818 511
414 498
275 584
242 685
854 940
747 444
654 792
197 915
110 396
287 764
609 307
883 140
884 243
814 738
931 968
287 678
974 965
225 699
711 787
8 570
397 984
609 910
904 500
171 183
808 728
526 591
986 80
618 615
285 852
603 217
307 772
556 689
27 389
636 135
324 893
751 694
40 536
562 901
778 582
963 606
749 49
363 378
342 770
130 569
388 353
890 377
196 810
741 599
89 414
350 23
657 185
967 412
882 628
886 20
689 744
283 379
586 368
490 301
979 291
724 896
771 111
793 683
550 157
266 621
908 172
229 692
841 151
291 178
440 856
348 929
735 567
594 969
724 196
882 837
799 298
296 324
991 37
629 193
277 220
153 38
176 961
878 291
133 339
997 766
157 487
84 569
714 625
968 460
978 221
963 307
876 828
146 907
884 215
850 931
471 489
591 456
81 119
264 721
102 655
363 909
208 126
685 644
445 639
873 892
394 303
33 101
203 949
946 791
712 397
739 980
591 671
797 236
285 824
344 364
570 257
829 699
406 596
905 155
155 340
265 308
468 789
52 980
165 211
557 893
618 893
145 175
721 882
574 192
523 770
925 618
965 589
195 853
461 52
477 867
207 398
228 774
550 424
454 93
348 752
865 474
957 426
459 762
373 35
306 220
14 725
255 3
917 524
538 467
758 190
409 285
905 672
943 856
529 252
641 986
571 409
457 41
41 938
832 939
559 424
11 718
984 278
720 972
281 68
689 839
762 407
232 758
340 737
749 891
199 619
519 767
645 832
568 819
918 891
577 955
64 530
963 414
837 377
750 954
197 986
242 757
262 142
524 373
428 162
902 61
592 579
223 751
851 418
45 423
972 694
441 74
168 782
768 45
396 806
458 655
96 624
319 958
214 192
234 642
837 846
911 203
843 641
208 888
436 152
221 926
988 479
963 649
658 425
53 401
365 351
116 591
204 803
976 268
706 445
366 453
527 185
865 516
772 48
98 173
9 676
585 645
827 704
882 557
580 904
193 304
786 295
880 86
865 486
313 911
874 636
415 294
454 456
221 499
350 265
415 439
3 311
404 964
615 916
598 674
893 530
487 481
903 408
153 109
11 891
174 277
358 22
306 437
272 365
51 95
817 7
546 607
927 78
698 770
435 856
366 755
556 356
98 930
931 152
346 408
737 345
42 625
168 716
958 675
263 199
893 86
90 869
898 610
516 949
955 383
100 286
322 988
253 360
552 993
592 702
384 915
750 291
181 108
399 37
493 202
664 74
964 598
119 304
779 743
195 320
158 340
416 147
753 350
228 359
608 423
937 535
369 85
21 580
99 316
901 120
134 124
638 583
768 343
693 885
304 104
316 555
815 451
476 801
331 110
5 481
703 286
332 488
869 738
51 351
485 392
43 707
47 139
288 298
201 735
248 542
589 607
431 153
236 71
667 618
938 719
351 918
444 20
155 171
895 213
862 38
386 925
369 755
555 647
934 994
755 878
206 437
227 76
176 760
672 733
548 191
657 399
309 948
107 353
73 465
982 492
921 163
171 972
372 123
672 955
413 519
965 234
884 990
794 450
670 531
214 733
620 560
803 16
16 846
456 133
902 79
560 779
614 82
524 174
505 952
414 216
992 422
849 355
133 698
182 949
814 739
932 341
28 983
346 239
399 283
776 967
735 203
561 768
979 529
138 211
893 235
829 402
447 382
670 13
957 221
216 702
68 679
575 658
181 64
682 935
683 386
595 718
924 1000
982 146
363 718
143 4
632 585
206 604
82 918
191 264
854 472
394 618
413 286
753 203
535 887
355 51
891 69
229 598
30 537
21 826
777 436
733 307
48 872
588 114
825 416
572 500
633 623
481 746
869 919
359 713
14 476
397 492
523 873
330 652
697 591
37 214
465 847
467 137
72 759
439 375
421 728
334 603
583 348
306 136
698 646
885 84
316 337
999 236
33 877
400 988
921 270
171 923
941 179
942 116
486 643
726 832
538 1
867 727
585 106
513 453
288 976
906 700
245 632
448 662
858 661
716 859
909 481
145 842
580 186
858 516
305 396
569 591
716 569
901 665
652 159
107 806
126 464
163 536
627 31
51 963
264 673
302 985
177 300
216 666
893 352
368 629
722 392
748 648
380 260
91 859
755 496
811 66
649 419
709 372
29 129
670 906
821 229
532 360
402 117
144 368
298 162
941 844
13 909
394 657
269 483
937 265
939 439
49 889
122 145
482 290
697 649
471 882
50 204
463 898
289 691
224 258
749 590
757 938
939 597
304 664
1 664
991 265
373 34
65 952
676 279
568 760
588 715
870 549
942 438
528 294
31 893
931 675
698 666
36 5
771 74
353 911
456 798
762 293
983 655
287 148
36 148
609 190
253 146
852 278
34 405
344 741
898 116
846 300
607 506
121 501
84 751
175 656
949 557
456 78
137 533
376 805
141 689
862 965
48 7
130 199
784 395
392 167
94 974
895 400
276 31
946 754
979 600
121 832
497 785
902 78
656 612
381 511
73 950
294 286
466 47
956 372
467 950
637 174
697 233
401 484
243 707
960 885
726 364
885 652
433 971
234 786
318 147
476 943
76 49
179 264
416 86
517 208
811 319
27 332
139 918
131 425
680 626
273 972
795 835
852 912
669 806
800 59
341 405
89 420
308 706
165 71
994 481
174 751
601 1
31 674
503 609
680 656
2 420
386 457
193 311
411 376
323 859
439 270
667 43
540 219
814 302
136 689
687 11
398 529
973 931
813 654
504 186
229 956
417 709
257 828
131 775
779 659
942 61
486 73
277 768
223 591
662 76
554 717
3 321
650 908
372 96
926 593
231 799
896 516
624 441
555 889
225 322
234 232
917 483
950 162
703 515
966 624
401 900
276 76
573 690
682 490
530 987
6 108
814 567
764 998
431 913
894 353
509 733
664 220
829 830
194 674
65 593
302 151
859 75
329 964
222 388
826 368
193 175
81 340
116 592
375 139
983 426
52 248
90 55
100 456
599 250
468 616
251 104
656 878
363 626
419 920
886 578
515 646
32 467
73 703
277 959
852 581
178 916
568 116
95 105
404 770
144 923
620 324
201 734
199 959
644 88
100 512
122 56
655 376
35 579
218 727
165 972
669 556
818 806
903 882
568 705
75 979
23 83
83 316
327 569
417 168
966 1
383 401
684 978
648 495
690 127
486 922
657 398
823 886
605 368
533 531
188 162
757 53
650 977
197 238
951 405
275 876
441 217
810 823
244 15
962 974
376 127
746 260
31 107
215 414
699 469
96 14
849 576
791 445
154 930
176 950
966 717
736 94
20 783
944 427
121 542
86 536
15 532
452 210
626 517
760 883
646 862
522 344
215 109
879 442
682 642
167 974
336 458
800 372
323 212
474 44
381 310
494 15
634 75
85 562
626 886
755 358
848 452
104 84
765 257
397 551
882 95
354 388
741 232
947 681
158 448
772 324
919 535
487 975
853 927
687 555
635 234
246 855
947 582
518 755
961 438
748 986
786 59
861 661
593 707
838 751
520 98
443 661
246 90
799 720
874 323
207 293
920 995
264 399
341 161
250 248
487 245
714 139
868 931
182 621
933 491
27 880
429 188
66 662
982 936
365 874
800 707
631 627
323 598
175 409
69 102
680 21
220 246
93 96
809 439
409 33
909 852
917 313
719 77
633 132
816 420
779 296
690 325
234 89
487 697
954 494
561 496
447 287
750 924
542 466
349 553
561 65
927 150
286 42
876 830
110 430
113 634
679 16
851 392
409 669
764 959
177 713
552 555
439 585
243 376
760 846
529 418
406 924
552 954
518 147
522 94
52 257
823 532
938 302
99 742
480 868
66 485
449 127
52 176
289 322
532 250
978 462
954 596
585 173
338 997
378 290
640 299
159 781
866 463
518 332
355 46
962 90
968 759
442 950
740 347
669 976
242 568
197 890
387 248
563 371
66 937
35 650
811 61
382 599
143 735
810 312
821 15
818 799
186 141
307 478
352 757
279 156
246 209
728 80
434 999
827 900
700 398
774 909
45 831
733 370
148 696
900 623
225 91
266 805
814 237
407 681
763 711
12 31
175 445
951 428
250 460
19 929
371 350
859 565
162 735
556 361
453 332
76 825
455 99
689 214
727 634
874 218
338 475
469 946
847 141
444 752
868 613
290 234
642 887
185 768
239 189
918 1000
67 484
766 166
117 702
219 33
239 34
8 918
579 321
599 770
241 442
249 366
828 844
298 835
318 262
856 873
832 481
379 276
162 242
751 52
464 502
356 44
158 382
470 60
533 338
864 631
811 16
151 723
258 14
693 28
507 57
255 911
925 113
302 724
428 887
986 185
324 800
960 532
27 335
731 743
326 313
574 19
763 54
29 390
680 514
455 364
682 432
496 99
723 676
360 754
182 779
661 946
755 104
890 46
283 436
286 885
97 850
283 424
903 766
118 968
620 10
767 501
788 846
737 802
719 374
558 816
406 45
609 677
528 259
250 419
535 64
595 301
339 235
196 996
664 754
433 273
72 682
789 326
956 473
832 855
247 557
984 530
966 742
823 107
435 858
261 526
443 359
889 923
587 774
200 144
663 563
23 720
456 622
286 98
551 562
897 143
129 805
426 353
414 198
487 820
793 511
540 960
391 562
547 808
245 856
18 422
950 295
733 685
935 433
99 721
9 185
502 702
894 576
716 288
453 902
147 39
132 472
831 113
134 483
872 126
981 836
858 49
240 504
517 162
864 642
95 842
756 912
703 139
687 534
726 248
873 596
913 445
416 115
860 886
369 181
939 353
212 358
733 154
397 373
329 519
916 567
922 564
47 149
937 209
866 217
117 337
411 214
568 339
182 791
506 680
313 824
151 40
675 946
455 294
109 606
990 249
403 811
98 401
595 273
710 232
277 892
71 422
753 587
481 177
775 548
830 721
982 770
871 447
512 868
196 757
487 416
14 514
73 70
202 290
991 614
315 1
634 289
818 208
874 368
611 595
709 66
840 271
180 816
219 986
149 823
646 573
519 705
980 491
286 188
516 885
918 801
695 177
627 231
475 18
628 84
955 300
171 381
742 244
484 204
140 560
396 906
437 210
2 561
793 298
336 459
120 466
726 695
142 569
16 765
367 774
926 153
659 510
109 331
94 673
789 263
355 855
281 664
467 881
458 596
469 961
742 560
216 478
731 257
60 599
173 972
282 713
731 702
611 324
773 957
99 56
763 1
428 974
359 634
820 504
549 646
472 102
623 501
701 331
792 601
38 229
563 278
513 461
710 411
814 975
184 393
879 640
673 423
975 438
469 488
689 749
14 764
491 241
143 920
41 802
818 463
268 127
749 626
145 268
454 278
576 40
565 71
905 794
413 711
505 286
445 24
509 382
400 990
339 525
44 421
797 865
870 793
732 81
233 356
486 22
452 898
715 524
224 97
903 373
427 580
842 409
510 235
3 553
331 916
25 225
387 902
814 803
836 191
824 488
395 435
635 693
881 786
932 362
103 505
20 915
862 894
194 922
254 779
987 219
718 89
209 191
617 74
779 247
883 217
341 970
307 726
41 478
507 925
978 809
471 712
57 108
459 256
649 336
686 789
125 581
534 857
424 568
155 696
102 847
319 869
593 268
852 527
231 553
47 879
412 440
621 438
915 467
669 832
728 388
428 946
782 97
608 192
550 205
164 408
40 902
956 684
243 981
448 507
285 712
17 56
847 554
499 984
201 683
247 946
602 647
198 58
112 135
670 593
778 230
705 182
890 122
88 176
934 985
107 913
187 292
798 253
835 932
783 652
74 222
115 518
353 909
117 220
766 747
128 549
579 718
295 651
261 887
941 149
571 715
746 287
620 482
475 271
537 312
167 589
975 458
898 379
202 604
336 742
314 454
727 490
505 901
949 604
197 967
128 242
557 623
638 810
505 886
470 992
966 933
881 911
96 277
716 656
499 571
380 981
846 238
214 343
280 203
137 326
487 15
161 88
793 403
246 549
212 893
517 828
510 850
497 113
596 987
527 551
155 535
411 641
798 815
506 257
314 707
204 120
897 522
377 532
765 697
215 600
626 97
75 493
170 459
687 738
65 183
619 744
454 771
769 965
792 610
298 279
407 155
798 600
179 40
805 292
596 415
647 877
9 681
781 315
838 308
415 525
142 335
970 372
166 369
367 897
245 216
598 340
601 432
175 141
587 197
210 720
989 784
767 500
144 238
993 511
593 837
995 761
283 670
122 375
933 307
183 948
455 947
784 45
396 419
70 270
897 706
291 79
308 81
706 798
72 894
276 360
153 483
68 527
637 667
653 406
984 531
894 58
287 936
681 597
497 576
249 770
119 638
234 432
682 684
424 455
367 124
386 374
264 541
438 412
548 481
536 489
169 640
77 55
264 748
137 354
708 239
761 975
759 684
483 369
835 228
380 223
132 306
351 334
354 510
544 658
821 170
363 550
535 876
882 904
630 554
77 746
958 77
801 150
166 32
248 835
778 686
284 187
293 419
776 67
222 757
28 176
886 918
14 455
914 177
972 383
792 749
654 733
560 231
630 147
485 968
771 345
807 527
948 954
756 776
265 956
477 985
300 566
62 557
946 64
178 470
814 187
597 809
638 415
785 343
469 678
554 540
101 575
887 944
162 661
269 719
25 411
903 272
154 817
339 375
193 974
893 789
451 254
223 770
684 272
243 64
745 262
907 51
533 133
2 671
738 661
522 326
940 57
312 438
573 837
318 332
210 429
963 121
492 711
77 987
76 525
925 173
447 185
656 942
971 563
276 823
189 594
741 133
134 317
872 460
212 949
817 637
838 801
274 176
919 672
21 613
173 958
194 123
159 811
273 872
369 199
498 933
91 405
483 75
449 47
782 283
655 11
928 477
164 534
56 503
682 87
97 733
777 441
838 594
877 248
165 140
592 360
439 983
616 382
429 519
838 749
820 360
514 687
491 466
767 521
202 131
700 646
209 841
230 637
265 591
748 250
696 293
700 373
114 966
881 605
947 148
348 671
554 990
27 882
250 361
876 229
184 855
296 881
912 43
987 737
589 877
799 278
549 315
897 778
372 90
448 634
488 951
729 671
456 85
940 175
343 472
989 326
742 6
357 236
30 130
984 890
347 10
918 957
150 555
962 613
870 346
72 483
768 88
38 520
718 94
107 796
704 760
926 107
108 836
663 856
303 567
561 946
241 354
656 906
731 78
15 368
53 45
726 327
216 524
56 181
170 69
958 186
887 240
930 203
530 485
125 821
184 217
458 472
597 331
483 103
601 776
198 398
630 397
77 515
248 891
524 832
602 354
325 537
752 315
459 353
643 444
939 569
423 744
252 926
516 69
559 225
448 107
526 26
912 474
364 215
330 67
884 558
667 64
396 90
804 303
805 242
934 990
120 770
856 182
409 146
373 321
893 522
857 524
549 334
842 216
862 287
774 685
23 891
469 975
589 738
600 137
149 961
353 878
427 675
799 155
509 99
664 950
385 171
480 343
837 357
665 12
24 388
989 214
615 304
603 296
436 689
937 908
440 692
239 44
150 567
615 385
263 364
488 192
752 957
380 982
825 839
521 606
925 228
462 615
926 214
119 217
708 938
649 19
570 929
659 166
612 78
557 699
482 375
906 501
963 764
346 742
518 302
830 108
397 335
55 108
242 486
216 181
344 106
751 603
517 511
204 942
5 683
446 631
535 271
809 725
820 251
463 784
620 501
967 352
201 769
218 865
629 321
614 671
540 214
120 687
905 631
636 655
235 46
126 340
472 188
701 822
150 36
102 34
854 167
40 334
297 673
175 704
16 215
895 369
680 382
58 318
907 185
346 501
736 181
741 684
137 566
250 869
676 857
92 128
521 664
435 122
633 412
232 259
379 468
140 526
955 371
490 544
328 645
111 122
484 8
980 917
638 873
380 105
626 849
60 879
105 454
937 539
959 142
137 67
86 46
930 384
364 708
536 823
593 314
614 7
479 21
172 707
947 767
749 183
91 565
294 106
13 132
378 58
623 576
471 823
40 863
403 591
730 390
14 375
933 99
37 62
476 498
950 63
47 501
514 490
992 528
245 44
83 449
637 890
31 929
685 808
978 686
463 10
1 245
154 143
471 500
378 609
269 718
529 430
699 377
990 424
322 676
219 422
906 112
324 226
629 153
187 186
870 93
176 937
432 3
876 582
695 2
254 246
715 832
555 759
202 917
662 642
391 989
767 956
427 905
156 907
470 809
327 624
591 499
774 177
225 702
445 741
814 598
671 331
267 945
313 83
519 151
243 270
361 43
211 876
362 108
685 556
745 787
929 26
677 748
513 859
207 893
71 772
798 868
801 192
971 272
76 116
786 167
768 422
576 767
665 802
189 164
743 893
708 640
329 545
570 737
442 768
740 305
136 415
530 51
142 149
1 775
174 810
801 524
877 281
517 344
95 364
779 865
47 393
710 187
218 857
969 385
258 176
823 298
835 970
197 429
549 216
243 619
2 141
754 774
97 9
524 778
763 572
747 83
823 286
644 627
860 153
444 393
942 120
12 197
486 20
659 898
197 207
469 810
474 580
439 134
560 316
637 721
750 816
568 796
326 636
386 417
33 572
31 473
291 356
812 194
267 255
710 545
489 419
293 883
440 665
42 565
59 881
124 345
752 914
72 484
806 691
717 460
20 12
516 905
846 144
315 600
834 680
210 398
931 992
329 595
494 46
295 11
302 989
379 250
18 492
777 13
542 737
579 21
302 844
963 882
68 534
346 912
365 84
424 570
631 345
192 566
337 563
804 773
19 155
937 508
844 54
385 837
631 206
801 769
655 110
786 139
472 795
679 340
493 833
322 427
450 660
91 746
795 232
156 806
505 252
565 398
114 920
481 379
305 693
841 459
644 930
757 807
179 797
672 949
131 926
539 13
957 278
942 442
1000 871
106 826
415 478
328 496
776 600
83 102
253 938
104 609
793 827
509 241
845 631
422 776
576 468
444 540
266 876
236 990
827 69
884 18
847 142
650 758
561 17
98 220
546 423
37 876
353 759
667 685
524 370
2 580
704 598
843 71
108 794
15 766
151 865
881 542
66 948
497 789
647 389
775 208
542 229
253 304
111 214
848 496
612 361
100 69
63 83
5 678
369 428
481 874
261 124
726 352
976 651
268 776
416 886
575 69
482 372
501 520
546 276
891 144
29 353
251 49
347 578
386 590
114 331
190 908
104 333
87 540
921 876
648 148
722 797
65 38
602 327
880 365
147 712
166 228
278 418
961 236
672 121
144 811
236 88
537 813
807 613
494 864
524 541
66 571
438 599
234 398
886 448
514 297
80 733
719 224
335 235
743 222
249 878
196 291
123 773
895 483
988 263
883 491
323 672
370 637
650 539
956 638
486 175
435 863
699 58
25 223
779 450
999 359
654 774
508 322
297 979
263 194
159 509
950 24
495 437
224 610
456 641
285 439
898 750
793 508
209 133
220 604
48 261
582 710
640 89
90 128
932 785
593 31
646 35
189 588
890 683
603 66
821 7
489 550
18 308
506 596
384 694
460 97
674 811
378 230
915 47
332 163
96 895
563 940
651 601
467 692
622 60
240 330
847 857
892 322
269 295
273 940
701 292
131 981
763 215
430 266
581 528
678 92
649 656
79 737
505 180
801 615
269 9
164 289
903 846
528 580
658 827
668 607
329 247
26 177
763 418
953 938
164 7
723 784
649 661
300 967
211 100
908 134
250 450
642 502
419 83
791 219
979 107
637 716
575 29
250 676
72 156
310 394
93 118
889 971
501 576
858 698
345 869
533 866
148 192
977 280
734 941
817 183
195 231
698 146
846 10
225 588
353 631
229 12
113 547
673 833
232 143
452 508
499 486
592 671
974 281
694 480
266 376
970 326
859 171
881 695
53 911
294 346
897 770
998 562
765 285
971 263
754 14
111 383
160 242
260 493
263 746
956 959
975 175
350 876
388 73
378 381
160 56
723 853
990 668
766 397
226 825
800 8
433 753
605 891
821 942
701 328
278 507
418 893
951 896
244 82
94 115
565 227
136 367
14 155
819 50
42 817
199 812
717 687
331 508
117 419
834 461
193 499
108 234
1 544
147 707
711 959
93 203
448 862
599 489
841 153
550 755
734 588
942 121
690 494
31 186
834 132
275 908
684 720
245 722
774 481
817 66
672 843
788 325
145 845
242 715
225 511
817 211
364 59
685 988
231 709
392 541
689 281
157 259
416 842
150 664
392 492
752 994
452 464
186 740
76 522
68 640
750 476
532 23
290 646
213 13
493 141
591 756
229 915
748 645
164 854
311 897
368 761
590 921
89 500
933 6
251 910
29 269
25 807
165 221
520 292
207 630
100 998
156 944
838 700
195 970
868 483
687 809
31 693
823 234
957 51
814 420
653 858
486 757
721 852
629 363
695 614
178 13
767 477
783 536
108 206
145 348
719 414
580 688
466 272
429 156
178 412
808 59
442 345
225 95
290 446
988 316
590 536
883 526
885 164
746 890
124 954
840 507
732 825
127 801
845 630
332 655
495 845
97 502
63 521
304 168
567 233
658 711
474 712
127 694
755 889
558 468
465 507
54 119
538 768
557 100
153 294
873 407
693 420
909 679
586 564
185 885
976 920
959 289
708 103
581 767
622 485
586 647
237 953
661 183
510 631
673 794
726 391
285 67
125 772
504 664
947 209
104 1
926 212
622 199
884 599
454 725
627 367
775 497
337 653
765 709
622 182
843 647
882 99
183 771
890 630
863 345
354 315
726 67
123 506
625 92
146 79
682 45
296 352
826 277
777 503
134 347
446 746
431 18
434 210
218 589
95 129
705 117
227 281
528 970
32 793
285 681
552 819
829 44
355 445
598 363
486 657
59 417
761 319
524 749
746 557
946 91
415 300
794 167
941 927
425 647
884 802
611 938
633 102
67 904
512 779
527 744
36 181
883 490
151 342
634 376
790 189
888 3
374 517
266 769
305 237
894 57
237 746
771 984
632 8
58 673
799 14
984 901
258 447
84 836
315 677
232 261
802 145
552 600
772 809
510 512
681 884
629 598
997 562
10 108
195 40
379 327
622 385
971 699
739 679
696 645
521 184
122 687
998 388
440 432
830 349
489 235
75 703
346 934
989 880
152 659
850 534
781 664
765 745
967 845
274 218
721 259
173 976
997 470
605 997
90 338
117 571
47 800
161 677
476 686
598 149
765 956
235 849
697 708
228 298
766 874
813 433
975 426
457 312
494 893
51 371
137 938
598 375
840 887
544 358
724 457
28 448
835 976
754 736
900 668
597 822
841 252
179 965
802 753
213 686
732 882
349 318
394 842
119 904
961 676
822 359
14 800
58 943
497 656
263 3
410 469
180 931
115 142
430 500
559 573
171 966
486 475
306 693
309 370
564 760
654 914
850 29
660 203
110 262
384 966
628 199
821 376
750 342
767 668
242 25
704 782
893 342
548 663
631 454
554 210
685 554
744 250
252 433
369 107
833 420
100 237
229 975
308 498
769 608
226 839
616 67
725 367
660 766
386 567
705 787
382 605
299 558
429 755
925 750
658 491
198 304
971 112
403 764
326 404
221 738
114 626
446 525
50 458
639 412
216 30
571 660
844 672
701 41
170 563
876 81
904 740
801 876
182 529
473 659
150 115
978 656
80 987
598 637
840 625
692 754
36 126
58 658
779 734
180 865
129 421
37 532
629 202
300 202
175 762
605 113
167 922
560 862
172 396
563 613
452 172
608 74
404 79
855 382
7 877
196 169
237 579
897 90
592 606
531 195
115 27
560 188
464 225
101 20
599 885
746 345
858 433
513 106
976 844
22 659
177 605
180 340
966 863
551 839
720 321
441 928
685 765
389 330
618 672
431 709
512 93
329 903
756 566
264 822
194 43
431 682
649 421
284 472
398 80
915 102
757 737
270 124
204 442
881 13
296 389
630 384
652 802
471 314
566 716
680 555
996 174
334 876
765 868
288 360
683 498
713 394
592 486
332 28
465 796
852 856
840 800
107 227
605 608
40 168
886 75
62 537
671 629
620 35
282 28
339 101
895 120
650 771
425 524
945 325
927 317
361 654
400 830
600 131
271 67
177 214
328 208
929 969
3 504
501 633
192 379
889 898
29 537
921 355
267 140
196 126
180 923
419 473
600 762
612 565
357 414
885 174
951 413
366 164
242 974
834 650
691 815
319 86
837 533
641 669
56 886
721 4
647 276
46 869
398 274
698 284
846 908
425 464
315 836
228 483
800 740
753 260
860 760
312 62
609 824
422 7
373 603
483 55
506 380
587 701
470 275
806 153
38 247
646 502
262 391
787 188
700 619
520 449
169 245
156 48
174 646
821 997
98 547
645 311
703 449
999 622
252 957
438 698
330 19
772 206
26 296
279 78
359 412
325 796
680 805
588 662
866 16
50 101
583 141
568 666
992 998
455 542
594 614
171 827
170 922
945 272
601 342
892 851
929 718
705 432
562 946
562 27
637 949
999 50
267 381
343 319
822 745
318 792
889 188
746 863
305 147
879 601
704 359
337 258
300 146
945 67
528 181
267 91
491 761
205 267
133 574
922 341
64 629
600 551
818 418
441 141
903 95
742 205
600 726
450 453
81 39
998 298
569 762
197 729
590 160
918 747
617 6
263 482
937 241
539 847
3 669
426 140
427 221
428 562
125 920
328 614
189 443
685 598
190 76
527 343
677 582
990 535
342 521
534 773
295 268
801 170
568 139
49 810
670 468
674 523
880 316
22 907
874 790
726 991
361 889
268 739
401 6
789 123
94 67
511 116
701 4
494 770
120 607
999 995
734 84
844 524
111 467
278 174
330 55
748 432
455 514
336 870
323 608
305 989
269 890
257 786
794 43
188 782
165 913
326 900
37 639
847 34
805 252
465 288
143 932
842 366
989 205
461 820
854 821
609 474
42 973
137 599
46 737
711 997
750 629
787 551
327 988
450 163
516 769
560 145
466 940
505 818
988 809
811 835
497 834
546 207
56 959
848 299
497 211
68 686
493 167
902 155
688 275
997 279
381 530
927 633
864 914
109 104
551 17
845 308
824 892
804 883
675 557
981 69
416 771
57 535
80 400
454 688
835 512
981 427
415 560
255 305
75 151
347 938
539 260
669 665
943 110
736 726
737 643
406 396
210 517
280 611
438 541
421 624
73 148
468 403
141 339
498 771
991 577
483 898
15 803
676 47
272 285
36 206
59 39
121 482
715 685
197 861
658 737
805 542
936 963
24 317
779 447
491 534
930 372
733 812
36 428
419 316
367 466
390 111
119 46
215 158
152 16
802 356
3 238
509 814
493 361
55 742
973 95
96 509
756 902
923 922
216 754
272 872
826 323
852 709
998 589
530 575
164 961
769 673
423 160
138 976
460 224
843 669
882 125
510 138
756 934
740 99
70 526
782 328
910 317
640 289
458 452
60 624
905 131
962 84
11 860
535 513
985 391
43 755
692 236
821 896
772 68
302 552
463 907
453 271
401 214
623 645
956 792
905 462
579 739
841 456
640 877
442 517
783 538
665 492
791 63
795 440
304 509
969 509
922 45
904 528
853 595
965 905
37 422
446 932
922 92
390 670
465 360
138 664
343 267
880 637
76 646
132 880
331 951
376 812
853 806
721 640
733 816
479 744
54 228
347 106
183 384
684 107
234 488
660 140
627 83
884 418
7 871
708 240
379 298
819 185
401 588
39 86
629 658
240 3
975 954
804 547
843 552
362 858
816 736
432 665
255 949
751 784
476 934
310 734
498 918
602 32
532 267
381 843
496 187
539 561
375 365
677 387
613 753
373 892
545 881
350 68
152 885
247 964
869 355
967 463
516 37
761 332
924 258
997 975
72 679
606 164
2 302
314 620
496 327
841 373
948 575
328 384
918 467
672 518
377 181
936 804
202 264
679 782
903 410
226 402
482 520
175 607
876 440
791 289
885 134
475 903
396 303
128 949
638 209
72 242
988 32
207 312
138 440
774 431
814 860
915 519
897 16
625 939
591 362
314 130
614 57
401 644
674 354
551 552
681 890
955 375
378 854
101 800
531 580
896 71
980 37
636 295
543 277
301 682
517 906
555 331
276 792
958 788
393 92
360 137
553 958
915 195
518 492
483 197
446 475
198 552
380 331
704 868
648 853
239 694
869 406
816 539
789 879
34 568
553 600
113 209
296 463
298 357
854 298
449 247
602 439
66 763
35 874
108 332
1 910
735 241
293 430
153 763
117 682
264 188
709 982
106 701
503 429
820 401
142 189
308 685
570 696
611 12
902 651
27 79
467 260
820 256
498 255
680 883
93 450
47 497
838 420
362 485
576 851
994 254
524 659
304 566
13 402
72 594
35 422
273 493
995 536
887 542
410 142
999 192
512 890
567 924
275 772
183 919
520 905
297 624
5 847
566 740
266 961
819 663
624 333
272 306
956 260
192 505
965 210
550 948
275 994
955 68
390 497
780 169
672 802
289 642
733 199
556 320
974 211
885 444
105 106
950 550
380 305
668 825
266 5
582 519
358 84
418 200
167 967
197 700
518 174
150 866
815 792
927 622
825 207
129 426
171 174
924 992
47 627
564 399
414 966
420 647
772 700
596 792
522 903
248 902
998 640
512 145
345 192
80 371
389 797
997 456
29 294
21 151
821 826
750 144
532 451
332 345
374 228
251 363
381 996
458 131
97 577
558 694
460 501
354 80
230 999
468 984
515 641
516 110
536 676
316 148
701 528
501 144
672 420
909 393
213 780
400 643
827 512
958 475
476 796
795 46
853 348
502 378
692 990
880 150
446 877
257 972
481 174
230 291
529 152
760 298
413 626
451 419
641 663
272 286
597 554
653 328
430 963
202 546
993 789
290 206
348 186
958 732
249 517
858 669
569 998
761 512
453 627
176 216
730 595
676 669
237 577
937 923
702 661
479 516
708 14
608 82
162 118
91 4
727 147
119 725
768 90
932 965
849 97
483 319
121 910
382 358
440 106
756 560
226 519
321 313
195 256
75 374
384 625
849 371
220 954
982 33
273 31
949 472
735 299
351 18
43 869
652 845
840 37
513 581
751 733
221 546
39 560
298 317
959 928
164 390
196 887
342 541
94 82
174 842
196 902
786 312
550 417
840 188
700 340
597 906
28 411
550 995
123 543
306 213
969 275
507 700
844 597
146 544
528 286
909 143
164 90
918 423
231 98
359 169
234 495
511 498
689 894
357 984
675 319
400 847
699 421
516 533
370 597
764 645
391 3
784 229
275 538
976 820
999 383
125 78
237 660
220 358
536 498
775 46
725 248
489 387
487 952
440 697
846 65
923 968
104 870
52 462
876 936
775 204
797 308
998 415
581 653
927 913
773 315
132 437
299 428
699 591
294 353
42 454
359 837
768 324
308 5
492 298
518 400
501 532
571 606
940 499
490 775
144 679
646 500
778 692
853 208
375 364
268 618
496 11
494 522
441 638
509 392
673 315
967 57
60 379
813 851
905 408
122 44
201 699
592 452
832 371
835 872
13 28
676 428
179 204
761 316
227 760
896 847
234 746
222 829
558 827
724 39
942 474
839 950
491 844
73 808
516 491
990 294
224 193
405 372
799 324
909 772
507 5
417 590
456 436
130 173
651 469
335 868
926 601
345 924
141 491
415 220
607 584
341 192
651 290
210 14
656 508
91 305
589 530
496 620
941 405
460 181
720 606
385 315
703 623
975 714
327 907
889 766
705 677
676 548
403 184
258 845
747 889
507 508
181 115
419 674
461 291
941 601
48 648
996 63
427 364
178 682
712 462
180 44
755 432
490 954
503 142
252 654
323 663
130 952
635 911
563 402
325 587
400 414
222 477
460 466
423 734
374 8
654 110
30 964
532 526
330 930
989 246
403 594
299 997
726 844
320 500
520 275
491 125
761 367
398 586
938 508
739 288
297 341
905 662
827 58
984 441
69 249
749 647
553 164
295 875
511 290
908 130
510 20
594 987
520 906
45 153
970 854
950 195
429 387
505 613
16 808
992 81
559 585
159 191
637 656
291 335
388 723
603 742
326 642
203 724
241 694
688 88
906 877
309 480
133 818
745 42
211 898
323 189
989 655
205 224
489 477
548 658
56 816
627 443
204 472
61 545
817 631
912 921
485 449
678 688
420 640
717 150
310 532
758 762
388 166
229 972
712 490
587 758
994 748
460 272
133 246
98 69
982 117
565 147
70 595
821 825
489 800
352 788
977 523
562 955
544 402
999 722
503 259
514 822
773 823
156 991
52 792
914 143
681 168
610 798
296 202
41 392
227 338
874 667
287 500
325 833
841 641
244 951
540 228
687 119
676 484
752 66
952 516
607 204
573 108
499 739
84 911
321 555
710 207
521 515
131 822
560 740
903 588
995 567
616 800
212 210
268 197
586 88
935 856
882 264
278 938
797 890
118 725
141 418
288 890
646 975
776 671
193 819
987 389
533 785
606 697
111 773
3 558
34 360
751 469
664 975
333 156
370 699
483 755
232 305
30 132
106 278
985 561
972 565
775 90
962 639
780 940
582 608
967 754
325 198
507 687
885 689
134 241
154 723
727 146
212 134
379 256
237 866
368 543
989 659
938 391
132 466
738 917
876 157
753 396
534 993
722 496
121 6
570 829
789 541
539 678
167 345
26 799
482 365
305 337
487 91
324 820
131 440
539 599
260 92
786 132
329 631
934 20
972 223
62 886
618 867
734 807
181 941
503 404
35 690
108 36
855 235
188 396
122 120
361 960
752 648
452 553
269 77
308 533
40 171
636 416
739 491
338 432
503 698
342 764
606 89
273 283
330 220
856 188
531 820
876 199
714 38
128 653
809 266
11 712
611 946
81 739
705 425
808 933
706 898
249 853
267 338
729 547
897 767
366 764
742 363
969 221
861 87
42 865
666 167
104 570
708 850
133 112
529 878
993 816
667 563
104 585
675 28
732 91
91 325
36 450
596 755
524 367
414 67
440 698
348 451
115 504
902 436
372 457
68 962
587 882
915 40
396 841
792 62
318 270
85 513
458 693
829 898
702 400
282 736
741 118
797 420
449 350
447 255
711 610
802 474
270 348
642 691
759 374
34 624
446 61
103 990
165 411
347 552
111 435
778 290
561 690
764 415
308 437
881 93
669 908
28 52
502 999
194 401
315 431
930 600
127 478
643 625
492 201
169 250
343 269
795 858
373 890
216 187
221 694
259 393
705 73
823 208
249 679
844 660
227 36
692 992
987 912
954 710
187 744
98 389
559 112
732 580
344 829
111 777
795 390
581 377
835 905
213 549
201 101
917 679
653 173
158 597
969 104
789 477
918 51
262 439
826 672
694 426
452 961
846 273
560 906
571 421
653 399
513 260
384 208
737 230
578 802
667 543
444 684
547 101
586 965
1 89
310 205
292 584
332 909
205 409
152 219
814 717
194 938
690 615
51 975
197 565
626 617
953 303
682 663
954 976
718 105
721 955
354 804
828 414
210 448
203 489
930 73
99 584
6 500
232 39
110 72
686 741
982 140
820 863
803 493
825 71
60 724
591 680
473 888
747 934
431 775
660 887
242 290
316 573
812 602
545 49
618 921
126 988
130 953
721 968
904 176
446 608
543 875
677 421
957 216
351 250
563 258
503 431
958 289
57 345
340 882
32 936
141 74
531 446
9 513
199 724
370 982
61 275
67 842
672 376
32 519
931 661
26 318
744 509
148 632
573 297
921 312
480 88
558 199
631 535
788 584
682 594
684 745
69 380
775 706
173 108
818 355
33 953
559 793
438 112
21 200
224 972
296 585
763 472
249 623
699 93
662 323
441 317
868 636
426 555
160 659
802 862
340 769
15 543
436 704
328 969
419 402
635 712
941 265
444 807
285 485
305 495
271 822
219 97
702 590
774 171
927 987
915 771
592 660
525 812
234 689
181 86
328 566
368 579
976 130
479 849
411 721
673 166
213 357
934 271
640 344
290 577
317 645
649 30
8 402
800 926
32 8
674 955
913 401
894 838
330 741
95 39
209 672
943 277
216 196
507 967
805 276
74 190
290 803
499 855
905 326
299 947
364 91
990 931
683 969
978 987
248 580
126 549
99 759
39 898
832 188
170 575
28 433
307 378
914 430
455 594
558 769
193 516
170 849
139 482
751 999
141 417
128 960
456 461
20 726
348 43
654 412
81 928
407 610
853 926
603 551
585 16
698 849
419 336
516 706
61 743
944 497
554 905
362 810
590 850
955 211
974 45
906 821
101 143
661 45
385 354
246 823
119 575
124 343
127 889
470 847
379 858
860 323
813 325
455 156
441 59
516 610
245 785
529 64
8 705
209 192
377 806
711 633
603 16
354 337
424 913
939 114
190 184
651 646
135 180
142 949
200 620
650 937
450 972
32 469
75 505
592 45
276 560
320 480
816 549
416 947
234 966
124 228
601 130
48 917
325 514
71 34
290 839
130 528
453 963
648 77
888 850
207 482
444 543
127 283
18 829
771 265
94 80
648 476
408 865
136 304
918 542
681 20
518 897
981 297
676 281
325 181
566 925
386 91
683 723
763 609
998 973
303 642
895 100
951 72
2 107
120 888
269 703
897 766
754 951
176 777
709 113
287 47
288 903
642 42
438 137
465 365
158 792
987 480
434 544
699 20
239 343
122 170
266 249
110 480
862 947
372 278
780 962
140 609
141 824
695 241
510 489
718 18
774 224
480 588
615 446
873 43
927 770
566 70
592 717
21 339
43 135
261 324
246 898
198 801
181 29
459 343
132 439
993 755
670 179
578 883
690 821
397 533
881 370
309 249
368 269
114 99
702 352
669 105
545 443
639 911
824 238
146 422
184 13
811 408
886 636
247 50
599 345
713 974
520 374
855 759
653 518
502 996
88 856
877 40
571 901
792 618
464 555
601 158
506 90
839 108
217 229
364 12
516 55
44 914
943 434
411 197
736 802
990 123
166 361
350 474
443 724
593 940
65 346
156 695
784 744
487 167
420 236
974 655
619 812
451 718
58 148
694 83
272 43
629 507
760 390
451 607
977 857
6 655
932 101
456 438
457 835
885 131
408 313
101 404
743 37
581 154
733 79
861 442
55 103
681 716
940 815
211 285
84 533
471 215
220 469
438 4
441 288
759 864
998 204
855 333
931 133
706 121
897 21
937 38
621 784
542 232
695 213
474 459
339 901
979 638
794 393
858 373
630 913
17 995
693 165
971 527
219 290
886 702
981 730
817 585
837 902
768 179
398 498
402 913
280 461
446 478
485 572
566 511
369 464
511 572
510 961
591 856
964 686
56 483
829 760
21 811
316 941
781 629
587 298
829 361
297 40
691 376
506 126
662 587
743 564
598 281
231 480
151 35
889 288
568 715
877 447
683 650
458 518
455 952
951 713
559 659
719 349
776 391
26 42
154 103
871 438
31 831
359 98
931 869
614 412
323 757
213 681
573 409
43 903
755 647
846 370
520 746
979 105
163 186
314 50
43 400
85 885
995 319
395 287
953 473
989 491
846 12
884 199
445 766
561 829
462 368
466 571
502 608
73 884
789 662
648 534
96 563
851 837
782 449
696 770
330 512
955 739
596 795
389 137
274 59
536 794
593 287
77 646
649 29
136 168
389 794
265 260
229 603
748 957
195 583
518 745
26 731
2 896
599 502
795 773
840 954
507 951
255 317
239 920
496 420
387 23
210 622
49 564
161 441
287 502
571 683
301 244
14 709
606 99
553 117
477 53
585 57
500 330
67 809
429 178
361 516
844 899
831 939
957 380
214 955
351 185
272 130
145 660
681 362
241 755
31 506
67 583
766 327
15 815
966 261
179 597
399 652
810 785
297 738
333 953
695 127
739 253
498 347
975 287
16 564
889 715
105 212
346 214
533 98
920 25
523 148
86 796
893 132
145 793
722 492
27 140
104 43
579 619
843 512
860 610
399 102
826 318
702 325
318 114
66 507
530 586
321 175
998 675
398 85
421 220
151 935
902 933
299 752
281 925
13 898
855 927
118 169
84 489
643 420
563 381
178 805
929 635
307 443
951 994
348 597
526 482
486 751
213 813
582 235
754 579
314 596
813 526
580 815
905 579
782 827
72 542
217 475
273 281
37 33
116 382
408 431
671 662
323 572
69 64
755 545
760 329
230 93
851 607
154 757
591 124
499 396
63 567
263 49
249 693
379 738
380 665
993 822
79 313
465 509
71 933
366 847
811 590
59 805
958 691
23 710
146 581
160 732
729 925
275 765
603 485
346 352
301 561
837 655
713 433
474 103
955 476
243 350
302 913
929 249
512 399
698 403
91 146
238 103
555 355
95 698
167 25
37 519
228 25
388 789
393 36
855 236
57 151
22 227
96 763
632 541
837 818
978 749
644 442
403 492
441 673
208 884
338 959
579 135
817 782
855 818
969 871
363 528
380 402
273 808
492 180
402 76
701 424
313 479
441 530
613 876
47 778
69 718
865 679
833 129
65 63
550 230
471 811
274 293
736 455
632 477
383 128
112 353
540 191
213 551
726 662
300 587
173 467
746 535
840 720
753 677
183 798
867 429
746 678
605 353
58 740
304 364
344 605
163 419
590 745
345 183
719 15
496 775
615 110
127 939
345 786
590 792
629 830
423 339
244 372
980 584
485 22
570 460
715 813
537 61
349 615
261 389
851 477
618 611
67 458
720 480
9 453
392 475
466 596
750 700
938 129
629 705
835 94
158 305
382 90
513 966
570 145
179 867
772 565
646 26
389 3
835 239
834 46
566 333
508 578
254 745
111 352
773 173
753 227
108 682
218 358
185 343
170 5
298 222
338 931
212 632
362 69
610 535
421 148
96 997
541 163
874 896
48 888
801 178
511 797
60 427
504 549
325 985
238 558
888 907
692 855
711 21
179 188
112 105
494 775
84 7
801 745
568 716
127 163
628 964
596 154
597 847
581 458
732 554
415 270
715 901
425 574
84 997
141 637
171 939
633 4
780 71
343 745
969 10
550 601
99 94
461 862
137 888
250 687
96 232
897 854
383 585
370 459
331 994
361 107
660 499
771 311
457 600
610 917
426 553
888 148
279 755
30 175
270 734
589 388
538 988
889 558
977 276
46 597
229 746
125 228
436 881
615 449
307 708
944 91
567 354
256 134
225 807
485 381
693 184
574 661
351 260
243 391
831 14
824 312
915 227
130 889
167 182
673 21
274 56
832 587
764 449
986 839
186 783
173 855
669 882
563 499
203 739
832 400
406 679
62 261
174 707
468 996
770 602
661 911
905 469
959 622
943 117
353 823
527 874
740 684
807 554
297 293
725 173
691 117
69 329
738 40
866 981
616 660
840 744
72 626
295 776
735 570
482 716
927 468
414 313
318 981
258 419
192 473
376 166
306 625
756 201
832 745
799 63
547 174
76 750
203 535
996 559
744 300
634 924
875 602
882 434
954 39
383 835
584 403
907 423
637 444
695 284
682 621
241 395
313 6
756 286
445 513
413 35
586 765
788 17
756 653
6 434
30 308
124 55
768 205
412 236
803 965
57 235
938 164
501 572
800 845
543 527
878 506
934 440
6 428
207 718
136 69
531 60
455 492
826 640
721 478
833 164
948 147
717 61
1000 546
770 574
311 578
85 681
667 426
596 508
340 50
663 158
459 676
248 465
429 772
624 92
36 954
130 419
666 273
210 885
652 243
809 338
340 647
586 94
19 938
278 949
942 156
763 833
50 812
270 965
36 239
385 49
885 350
353 869
871 223
943 562
68 152
451 272
337 751
54 991
77 865
922 379
211 752
21 127
902 280
872 689
101 161
980 676
655 752
716 962
333 14
988 750
863 898
77 9
663 774
357 489
356 450
612 110
674 172
142 878
15 484
200 571
424 911
947 637
806 256
365 48
699 688
276 539
109 57
998 844
947 746
71 646
218 306
517 196
739 844
958 46
929 804
17 290
182 996
56 440
369 791
246 511
787 106
998 942
51 255
326 327
184 476
66 896
697 546
463 171
445 316
161 877
400 227
553 35
790 432
919 20
64 16
282 203
672 351
286 755
378 880
876 151
130 391
115 639
46 19
73 358
657 414
183 910
385 162
979 964
780 51
866 585
785 387
844 472
493 774
230 201
858 686
140 801
732 139
271 569
827 121
441 294
315 333
281 333
465 472
888 792
747 462
876 746
214 306
519 500
560 235
997 906
444 798
599 842
812 17
600 843
594 345
640 306
858 226
422 379
885 999
780 807
820 858
653 354
99 221
940 403
890 546
281 826
191 283
947 601
414 638
826 614
366 279
649 487
530 290
166 94
528 783
173 537
605 731
184 265
984 240
52 768
58 837
723 589
835 699
715 465
972 448
97 794
832 339
630 182
814 487
654 140
13 60
126 415
397 221
550 493
41 819
887 285
88 370
434 930
128 729
162 125
296 927
150 110
615 862
819 365
657 378
785 333
73 115
863 935
97 85
758 866
374 635
267 415
875 962
788 587
40 275
206 160
79 210
56 279
1 742
980 399
710 784
201 352
312 375
225 378
564 929
676 455
139 54
103 377
803 31
362 821
555 750
242 968
977 272
31 381
987 347
401 860
675 607
437 182
242 814
258 523
832 631
284 527
552 571
347 169
419 612
719 689
424 192
1 572
410 865
341 571
859 50
197 679
899 7
980 946
555 170
835 202
599 61
530 612
416 204
289 178
364 658
809 555
868 2
852 655
262 655
713 827
395 997
938 80
167 262
905 105
13 924
450 790
109 745
65 117
241 219
535 616
402 292
593 575
834 291
657 794
910 244
531 257
739 98
101 901
982 730
767 336
183 675
666 651
1000 997
56 235
638 384
325 222
506 705
960 19
176 514
3 231
831 981
960 130
874 456
693 916
715 680
535 776
51 589
719 160
23 873
317 652
466 70
949 683
888 467
373 405
211 358
785 587
325 274
343 31
393 626
413 879
362 809
474 367
770 336
510 353
292 572
208 447
150 438
279 790
276 281
196 144
627 204
521 735
996 447
414 250
966 967
897 204
780 96
99 564
150 656
375 835
604 859
267 447
915 800
937 696
620 871
479 801
891 417
142 659
181 951
590 269
403 101
646 227
425 509
902 889
778 443
392 242
160 894
33 224
623 207
554 322
517 862
610 621
386 611
304 984
218 462
424 321
276 674
734 357
971 21
365 510
649 793
152 799
579 600
874 872
820 342
70 861
348 599
703 233
244 608
249 142
818 152
680 816
199 776
4 266
925 926
571 550
900 716
451 612
583 311
952 659
112 400
97 44
560 644
649 725
83 113
376 485
139 144
819 722
895 327
254 85
867 766
962 778
987 485
453 449
367 399
719 986
818 441
615 200
550 832
556 261
613 500
745 196
428 144
129 213
385 323
940 251
262 11
67 97
237 945
792 2
636 281
836 459
431 625
566 244
627 454
683 424
975 896
907 672
893 279
845 404
683 57
104 152
88 573
828 508
259 606
119 64
446 432
564 243
359 977
568 246
489 851
74 579
661 627
601 882
783 128
607 4
368 507
956 724
283 98
502 106
397 470
753 1000
679 448
614 939
762 918
17 640
605 556
662 541
912 304
785 70
197 555
447 822
988 506
805 156
439 434
575 998
391 303
698 579
53 968
572 104
338 178
727 208
837 156
620 796
179 542
843 627
516 615
900 966
67 513
193 846
658 164
866 623
923 540
599 615
942 881
547 152
909 993
215 382
475 149
148 309
909 626
750 608
841 772
144 174
127 547
992 424
405 819
889 528
802 169
181 348
772 785
51 832
290 484
54 373
293 899
864 961
223 582
777 974
775 303
637 212
275 816
237 806
95 664
742 945
526 578
708 865
12 808
694 820
399 88
682 836
648 972
479 142
116 724
501 578
189 889
790 934
590 500
152 522
742 659
178 566
416 911
324 776
808 641
773 77
702 125
193 83
160 388
142 20
717 928
480 954
80 427
209 713
528 927
930 747
773 879
53 901
504 918
800 195
947 20
592 421
496 266
887 758
890 86
122 444
15 384
383 55
957 484
316 492
652 342
649 146
766 588
329 79
420 402
939 950
300 952
852 418
435 631
438 810
629 77
187 470
443 64
5 841
120 947
605 244
644 487
682 830
546 514
289 555
608 823
262 294
528 136
699 81
917 10
985 316
24 343
686 329
430 651
219 244
366 773
607 841
816 98
444 803
638 977
984 792
758 860
521 563
205 10
189 645
850 833
68 589
157 167
233 833
108 859
788 127
324 983
276 843
557 326
721 266
301 648
985 591
575 166
229 870
929 16
752 733
90 28
102 181
375 13
267 742
199 227
660 791
385 887
406 603
797 138
178 986
506 447
14 140
967 222
294 92
422 209
283 189
194 272
565 271
8 437
134 884
891 945
430 303
523 598
667 448
761 413
320 213
952 199
451 877
892 605
277 553
852 179
487 232
490 284
326 174
771 463
828 164
904 748
46 217
715 730
184 866
576 36
540 391
28 595
50 183
606 896
448 358
67 584
853 553
140 900
58 269
193 822
162 319
948 898
421 782
528 244
486 364
831 593
737 290
24 435
513 979
490 970
529 734
827 273
189 824
688 121
962 632
105 217
987 215
471 510
437 58
440 274
848 383
703 819
151 958
500 606
506 543
487 880
534 523
459 431
224 876
941 523
485 415
379 244
289 236
219 367
423 857
885 990
673 70
838 888
195 262
68 536
161 426
34 664
753 272
860 748
55 818
521 154
540 658
762 558
264 909
781 728
29 147
123 120
621 281
345 38
204 223
820 338
148 64
568 74
750 182
26 570
796 42
946 507
806 87
717 352
687 816
801 437
910 209
745 988
887 265
934 830
451 841
439 312
294 741
227 706
66 604
199 664
39 819
169 395
945 492
193 583
512 280
315 212
184 638
731 140
638 450
529 894
624 316
127 859
846 138
277 144
888 385
887 845
784 76
180 845
555 779
737 108
776 672
430 558
154 885
555 664
438 60
167 726
600 595
545 539
180 611
966 518
915 752
771 628
975 764
851 450
101 175
413 227
361 178
417 224
859 13
410 45
936 708
473 643
573 944
682 591
171 462
742 827
413 5
294 504
552 899
223 498
194 148
909 80
281 860
88 574
655 182
146 418
5 109
321 136
319 653
727 114
14 213
622 46
109 41
381 836
274 126
493 906
743 814
41 426
208 661
126 647
454 142
58 545
908 551
948 480
880 502
457 267
740 578
482 846
178 87
547 472
325 772
252 804
398 624
153 947
102 510
931 889
73 196
791 88
850 500
192 246
692 515
148 609
921 295
481 915
575 886
192 357
361 338
931 986
149 889
561 329
656 99
205 690
520 754
661 465
283 892
376 776
841 954
771 963
958 707
281 339
405 429
825 654
805 672
2 655
721 813
168 699
116 785
499 139
807 443
590 57
292 708
974 408
189 864
97 401
547 838
622 398
381 292
733 527
366 72
152 510
336 107
212 822
67 237
929 154
220 533
540 564
371 611
890 689
448 549
768 183
308 112
751 972
57 176
19 145
395 238
498 634
902 838
959 179
262 673
411 889
29 170
217 954
859 359
271 157
385 874
299 684
857 330
360 942
436 356
290 937
833 241
47 811
138 757
571 933
199 28
781 450
529 361
232 184
558 113
368 119
408 814
863 235
136 716
429 825
306 4
843 375
662 681
957 483
923 191
662 254
925 837
404 620
325 137
842 37
849 775
908 381
823 271
11 775
858 878
468 502
770 40
440 827
719 127
546 515
693 848
710 790
502 131
499 73
68 210
250 797
141 645
538 990
958 767
667 766
262 182
138 480
301 852
533 217
155 879
854 559
14 488
819 856
306 829
759 614
587 817
788 120
312 305
744 340
284 303
746 398
485 378
12 894
8 697
579 34
380 247
734 962
950 655
275 133
703 77
542 453
262 124
623 149
911 16
365 246
343 68
117 629
445 190
561 765
821 771
894 843
697 269
95 34
379 261
977 525
672 221
104 399
161 600
734 655
592 356
687 799
799 817
122 255
557 142
456 935
933 187
776 250
790 456
639 391
145 477
18 869
844 729
957 406
779 922
925 952
486 854
69 310
730 706
145 366
685 820
166 516
355 564
418 577
40 467
629 447
442 331
656 141
947 446
141 331
913 754
76 948
900 520
500 449
889 147
232 650
983 617
289 581
856 758
291 51
609 28
573 441
577 574
63 543
860 318
780 245
487 687
269 632
875 279
261 568
462 91
284 847
769 253
699 124
242 965
336 646
443 442
285 339
927 132
425 841
43 257
907 472
732 657
287 650
4 636
794 634
998 490
565 829
43 211
659 440
589 135
591 585
557 425
996 159
820 877
803 633
91 827
872 20
798 828
636 676
379 100
548 771
455 203
76 60
60 665
705 724
17 956
179 317
221 906
882 964
442 969
117 585
375 385
753 113
761 606
958 384
433 523
308 765
899 818
956 673
847 266
278 413
872 987
411 252
765 891
827 692
299 803
156 680
967 368
495 602
844 765
260 317
72 514
610 30
538 291
22 240
4 411
126 292
418 613
183 935
535 50
573 251
83 115
46 101
44 274
902 857
974 961
352 80
983 525
434 586
571 375
537 267
295 527
442 65
831 681
158 797
250 738
22 316
383 305
63 896
245 557
253 114
236 864
220 381
280 58
798 348
368 851
993 532
958 518
379 57
928 725
394 145
233 911
915 977
147 315
774 116
686 608
998 406
380 89
164 926
223 509
926 194
90 34
787 376
483 32
497 108
775 491
275 189
739 992
556 730
80 163
282 714
82 849
191 369
798 683
692 426
90 324
934 475
156 39
152 607
601 880
341 53
469 224
930 594
298 280
317 44
14 500
914 190
109 842
548 989
250 96
692 895
730 438
442 702
463 228
654 183
748 54
2 294
91 109
95 425
61 265
328 51
726 517
280 849
328 392
349 14
331 527
541 688
376 404
783 759
932 19
430 800
395 695
509 313
257 190
184 906
427 618
282 283
437 576
464 589
913 587
128 909
138 378
600 385
534 500
831 594
978 2
542 899
618 45
485 18
134 890
471 67
571 113
963 251
643 419
803 322
717 312
115 474
133 711
924 758
214 274
414 816
422 751
495 303
802 506
910 560
130 208
43 586
775 446
691 899
748 688
431 644
983 443
967 982
698 313
973 321
886 546
99 300
65 844
82 930
321 250
323 404
308 480
626 39
699 721
739 796
96 778
99 445
70 622
159 971
311 880
268 648
976 329
557 804
190 855
467 558
284 136
418 143
588 126
40 956
937 178
350 153
723 737
460 457
959 993
563 264
909 268
628 802
515 826
994 7
596 311
250 247
966 225
182 656
198 219
895 170
988 472
352 314
743 358
274 969
666 455
774 174
163 67
382 85
554 656
719 126
116 33
870 254
728 675
675 508
694 392
235 437
310 392
421 872
650 546
854 834
637 690
653 333
885 388
614 66
910 835
83 268
883 159
977 422
301 996
891 66
729 985
414 157
292 761
655 602
402 716
246 975
194 170
600 985
160 998
731 113
290 377
994 901
441 771
767 485
656 810
181 961
669 44
971 268
39 372
691 701
967 216
489 809
588 19
174 36
377 328
928 72
178 939
79 935
181 532
113 326
297 15
664 435
639 561
160 273
108 63
352 521
171 779
50 448
307 467
623 971
910 727
717 676
403 996
210 762
891 657
531 480
663 96
645 552
369 655
27 833
710 198
641 973
895 78
550 671
148 683
75 637
41 957
650 789
541 888
908 93
108 632
880 876
791 240
618 547
604 355
487 345
384 368
257 230
885 326
797 996
762 499
339 286
638 134
694 404
111 770
828 746
576 371
693 548
487 575
902 812
537 72
867 933
300 482
484 263
366 807
771 683
132 699
301 21
133 654
560 182
318 650
963 179
253 335
682 617
185 215
855 86
107 790
994 719
521 165
246 555
673 235
910 744
986 402
53 121
972 865
350 533
654 524
500 942
730 927
80 184
621 279
470 269
754 184
76 816
705 836
910 437
605 803
17 314
377 356
342 954
398 888
320 132
819 234
516 74
934 233
162 810
714 847
883 844
679 575
585 14
154 390
710 147
696 445
753 700
112 260
865 346
832 13
729 443
456 305
308 818
444 306
176 688
505 708
991 48
990 477
560 534
906 622
618 150
942 160
637 536
140 938
362 250
491 902
976 742
560 884
867 880
447 288
91 346
219 129
832 632
465 1
346 260
536 364
935 348
944 241
927 776
567 305
648 757
629 744
510 408
601 699
413 3
110 183
238 104
204 392
498 173
109 826
397 527
536 185
119 172
194 5
308 13
114 492
373 545
651 553
691 580
375 503
640 262
364 868
203 174
901 161
173 778
765 572
490 926
368 510
574 161
597 227
374 36
726 969
363 309
588 938
537 765
421 477
563 348
502 152
17 64
805 423
257 753
683 535
425 811
448 68
451 807
378 781
676 468
344 149
359 333
101 811
102 508
144 220
143 806
314 740
850 498
139 467
586 8
700 16
374 531
175 614
412 884
508 513
399 850
515 157
202 640
921 214
336 914
776 719
689 146
407 563
177 70
822 662
775 241
932 321
168 558
812 239
116 236
63 935
104 684
447 324
125 106
606 523
538 875
742 251
101 193
546 334
910 791
380 920
272 651
202 836
837 844
668 861
547 840
103 874
986 74
751 974
80 241
8 366
371 530
155 705
29 168
216 465
694 921
648 862
811 506
969 774
324 779
132 70
958 462
382 700
91 689
496 47
574 62
632 907
752 368
717 558
486 729
14 320
986 561
662 572
788 822
762 24
635 282
302 191
732 688
658 815
786 376
623 985
170 981
743 272
746 628
487 86
490 438
537 567
754 791
132 324
210 825
407 881
123 844
641 529
179 974
608 748
326 867
577 679
905 888
456 472
534 183
438 216
149 923
127 932
219 811
456 39
791 461
23 551
428 53
689 818
853 884
470 600
736 110
721 766
258 660
298 601
932 117
889 576
690 691
488 871
309 327
76 598
186 498
480 667
688 80
870 424
825 793
76 672
913 682
879 515
335 644
237 68
876 1000
128 470
427 162
100 167
565 840
858 194
968 926
698 363
972 894
595 737
393 103
553 897
539 722
227 158
428 671
979 985
530 499
839 383
713 831
294 48
497 388
484 646
412 427
747 149
327 56
723 18
863 410
226 973
282 587
389 917
513 509
464 709
985 8
415 917
660 624
386 701
132 122
890 151
571 816
368 149
666 612
64 190
781 373
529 484
801 543
992 602
313 869
852 190
193 463
784 822
491 566
625 460
623 841
420 34
774 913
387 315
249 976
641 972
552 161
41 956
769 161
79 924
301 206
391 368
98 678
67 589
927 467
486 1
590 699
187 100
228 600
324 203
36 327
997 748
543 144
72 51
492 996
219 164
634 962
736 924
262 144
751 322
163 813
826 119
849 190
775 82
138 21
457 635
910 975
845 138
792 42
149 371
727 429
765 467
531 647
885 411
551 888
128 434
929 692
383 920
33 11
932 861
403 566
996 104
670 233
103 946
223 185
887 198
337 558
212 590
169 885
646 257
333 570
338 868
320 487
283 237
341 31
791 653
151 786
156 900
564 57
783 217
677 358
236 218
77 147
230 715
648 116
278 403
265 516
360 646
895 958
426 413
830 815
340 63
947 81
507 710
291 917
53 734
476 399
683 699
232 955
502 351
922 765
715 362
662 573
425 744
35 361
862 382
47 591
253 434
426 918
970 164
746 735
501 423
261 258
782 865
867 661
429 434
305 108
380 544
641 714
93 965
77 448
44 271
245 698
636 562
324 47
309 669
1 196
149 68
816 207
447 291
720 619
920 349
318 724
390 65
488 191
971 826
540 211
208 302
426 381
88 354
980 784
30 123
877 588
253 338
234 513
721 992
738 990
33 422
443 870
313 150
525 877
730 961
877 878
612 493
99 306
81 355
947 576
746 411
214 65
812 360
734 920
347 544
259 578
462 787
985 422
470 302
476 815
41 286
425 255
602 473
269 310
787 201
274 396
347 718
443 527
596 575
445 85
734 325
420 821
99 206
672 118
411 218
584 834
678 188
4 347
207 380
583 241
554 777
478 289
525 184
481 837
876 140
958 209
109 763
535 483
627 382
330 322
641 564
604 924
381 913
646 196
657 290
823 341
858 77
28 773
324 252
988 139
332 679
831 719
619 72
575 13
927 56
324 3
399 627
42 988
228 999
104 685
234 272
681 983
920 185
3 767
922 459
618 442
836 117
505 803
287 703
950 21
717 310
50 798
668 862
996 371
245 801
928 755
376 560
942 147
110 225
902 27
228 84
247 344
234 581
308 204
892 2
954 558
363 724
159 663
973 383
276 913
631 359
43 902
138 926
91 914
990 514
169 828
977 917
851 908
502 936
85 240
296 509
659 65
678 879
791 580
857 248
11 151
777 287
118 235
504 555
875 492
964 843
35 741
808 419
619 761
829 467
43 578
714 821
917 880
95 382
373 120
122 440
178 118
550 486
98 417
411 947
32 543
966 118
109 735
261 926
614 516
101 735
852 121
266 612
28 587
912 62
348 936
168 350
814 53
546 687
799 291
840 464
782 535
989 81
576 506
244 24
619 444
620 915
179 751
148 358
167 522
121 444
641 419
401 966
309 725
58 87
367 451
353 529
318 541
803 41
879 356
627 247
275 633
24 458
869 158
372 410
447 456
360 418
231 609
107 927
94 887
354 704
959 365
707 220
928 543
746 378
855 76
660 78
138 848
677 781
575 671
536 67
367 903
228 479
561 111
907 748
912 914
677 670
870 499
623 182
365 98
216 430
761 726
388 62
62 459
394 747
514 924
623 404
22 687
114 644
665 812
541 129
709 815
156 929
855 609
771 266
238 605
611 453
387 143
501 245
692 130
288 344
472 485
901 621
848 830
978 979
247 902
32 861
567 679
930 890
2 398
406 411
343 820
161 808
443 955
130 473
118 768
265 858
140 162
469 730
37 294
40 470
849 864
633 953
795 326
136 969
782 576
417 668
54 683
220 199
790 95
352 439
569 786
473 982
658 581
718 493
167 601
149 958
166 884
745 907
742 471
396 745
399 570
112 678
612 807
287 581
301 804
853 791
231 156
715 794
241 675
771 540
812 176
253 954
641 56
349 937
320 909
673 911
413 140
768 933
388 990
81 100
416 271
993 341
110 153
92 48
195 324
998 632
964 440
20 368
595 764
869 485
229 902
603 153
731 460
9 953
122 973
857 278
35 974
198 622
753 229
990 730
540 797
411 979
947 773
234 974
436 262
169 133
642 298
618 669
568 61
751 596
261 203
259 404
133 499
990 362
620 369
178 220
240 109
539 253
153 554
559 246
747 124
205 838
947 334
482 793
304 537
1000 966
433 379
790 281
518 776
353 44
377 166
514 343
71 606
148 585
793 660
286 443
912 6
344 584
330 423
787 434
407 553
511 584
701 517
745 429
64 264
193 790
330 401
733 148
625 811
152 676
908 304
983 876
69 899
591 155
849 264
493 433
441 125
949 495
59 683
725 774
82 264
252 626
765 5
547 942
930 58
626 973
52 148
495 276
812 442
975 542
232 52
162 694
812 329
741 125
744 175
618 648
157 28
488 493
380 203
237 206
152 644
542 497
356 222
158 510
273 656
950 586
613 772
372 918
340 816
969 872
808 682
882 999
847 843
321 61
86 255
221 540
520 461
687 867
265 726
817 993
964 848
108 498
400 315
473 795
735 23
830 889
874 841
251 410
217 286
883 957
89 123
98 43
406 464
683 124
969 676
757 781
300 578
598 471
502 440
913 925
844 627
849 799
577 296
920 623
767 117
611 985
26 65
887 956
249 888
488 704
362 57
750 244
502 39
600 277
309 764
987 599
953 747
917 384
371 186
334 50
616 291
362 987
660 486
555 760
461 917
33 758
406 644
401 874
774 309
228 887
390 34
854 519
985 852
876 887
131 357
147 491
846 171
867 47
710 438
401 660
699 903
721 963
765 953
854 737
405 641
503 395
96 670
995 282
81 334
928 321
69 905
456 15
569 595
569 81
130 799
355 8
476 780
901 131
647 931
65 99
49 806
71 77
312 708
334 769
355 230
400 295
934 164
421 511
924 458
710 319
527 799
179 133
442 593
723 960
317 815
231 361
606 143
419 626
121 7
156 514
737 861
295 797
645 578
558 861
942 508
362 138
461 243
476 150
277 355
944 736
452 927
865 98
831 669
427 587
300 219
391 44
874 240
529 971
180 769
163 213
970 687
771 914
330 123
563 532
34 346
626 672
944 168
771 547
632 49
280 966
106 461
211 686
837 302
203 718
864 132
148 69
205 436
812 92
262 69
46 604
285 508
638 986
768 70
128 57
302 394
870 313
613 732
86 776
932 980
789 813
348 878
629 686
43 199
39 19
133 986
650 244
601 610
378 429
643 195
169 910
761 868
483 234
887 583
938 359
329 752
56 24
312 898
62 210
449 63
359 532
219 318
916 629
166 124
982 498
53 550
331 140
350 120
226 954
29 86
305 553
341 347
126 707
54 470
661 904
477 875
153 589
508 903
218 288
774 801
164 331
9 610
486 842
322 747
197 269
294 698
459 526
444 186
264 820
783 699
993 11
273 454
383 423
274 921
852 414
838 153
732 948
344 621
589 797
606 901
954 448
205 532
560 621
248 9
641 636
89 991
491 927
2 958
897 746
486 150
359 832
611 719
232 428
638 20
966 543
201 407
755 792
77 316
780 983
909 693
436 685
985 276
249 569
204 272
760 864
579 484
465 196
200 720
34 947
567 351
716 699
453 811
661 278
699 975
349 842
9 151
377 813
584 285
986 401
159 729
308 133
751 915
916 324
920 831
946 700
333 726
29 253
782 54
967 923
311 823
811 439
406 905
578 342
548 926
8 439
407 273
928 248
748 921
344 495
398 204
271 326
615 331
407 134
598 127
104 495
162 286
60 362
902 703
62 296
874 850
47 92
865 637
256 963
956 812
903 887
131 511
342 667
166 469
829 139
247 188
600 109
31 985
607 298
829 252
353 35
170 939
45 813
863 395
901 836
145 735
734 171
37 473
541 857
953 583
219 631
213 39
383 296
115 902
51 180
851 122
616 917
253 812
309 618
664 535
22 321
704 360
922 211
941 21
927 70
456 97
422 906
849 510
174 495
909 584
824 716
737 321
23 734
31 307
180 543
220 744
771 648
612 570
958 522
225 646
246 872
979 621
292 569
512 488
198 911
34 100
396 835
56 916
538 564
99 598
778 103
1000 171
922 603
308 234
938 353
741 124
264 880
781 789
950 352
153 957
532 57
139 308
539 751
441 824
817 693
361 844
588 368
792 341
865 585
192 609
427 394
963 748
912 874
324 786
471 989
343 94
810 89
740 410
703 278
434 373
507 809
611 399
153 747
960 661
133 325
726 972
36 112
490 693
294 856
65 416
531 319
274 684
938 711
614 828
744 522
710 355
566 967
199 746
424 208
563 127
781 12
69 266
54 173
156 880
473 677
184 688
233 497
654 469
658 1000
93 5
888 307
101 522
227 963
466 121
799 329
231 955
89 998
404 839
97 435
743 92
162 753
605 27
464 801
20 663
96 117
994 491
408 177
52 62
524 39
449 859
799 111
868 894
347 239
189 921
261 636
443 393
419 554
191 918
54 45
71 897
272 654
447 39
743 18
4 560
685 679
849 4
68 703
803 676
697 169
518 73
748 684
661 447
797 15
375 39
454 946
916 739
755 445
113 878
413 499
65 241
412 66
173 263
986 875
790 811
259 305
428 606
327 611
675 733
757 605
98 234
5 366
818 755
981 37
303 777
593 127
109 810
624 179
147 757
23 414
904 920
445 488
412 663
499 642
843 157
221 257
705 220
669 569
502 362
1 725
847 354
633 818
649 565
393 127
357 722
853 317
971 483
733 279
398 704
183 890
336 851
657 371
141 290
373 320
988 331
439 29
520 949
387 878
727 750
909 861
657 268
475 445
478 716
745 475
747 133
125 297
35 1
328 21
291 491
249 629
233 152
965 343
133 517
797 574
45 313
15 609
896 273
489 972
745 134
690 513
177 722
828 154
287 669
346 251
720 452
25 934
634 866
655 934
603 401
125 877
751 9
437 81
849 113
778 662
582 797
920 804
356 150
621 670
802 280
342 65
473 406
384 609
816 676
575 386
282 551
377 739
618 995
584 559
490 834
536 914
459 965
367 724
170 368
563 507
319 593
674 544
753 985
919 262
325 670
255 292
535 726
960 332
740 386
183 696
833 224
306 822
500 300
616 525
579 772
895 229
252 873
847 326
345 91
207 167
923 158
339 87
984 352
623 955
354 254
149 730
631 604
210 792
283 620
529 148
309 996
685 265
866 549
46 445
304 300
140 898
235 260
719 94
296 640
103 261
326 620
618 194
422 879
54 925
286 142
310 16
119 640
305 432
774 378
868 745
669 456
396 856
971 736
685 862
797 292
234 520
987 90
716 692
842 843
439 715
985 685
802 461
473 321
238 195
422 442
722 628
662 298
454 619
821 987
313 345
333 678
762 552
564 230
530 466
741 291
751 880
240 306
795 986
75 137
687 987
566 559
97 520
259 265
653 617
506 76
986 978
201 570
454 164
829 424
959 283
207 500
522 528
929 535
528 989
597 4
967 478
457 273
848 622
448 124
45 667
173 486
162 783
73 430
748 94
71 459
473 584
573 133
477 16
204 549
728 978
69 166
964 136
951 264
477 129
280 579
944 730
266 570
619 88
893 537
141 362
153 100
923 408
704 620
28 828
592 794
499 407
429 448
463 215
749 767
453 458
438 54
187 242
818 432
983 878
585 395
436 531
975 520
457 536
281 490
112 930
186 425
447 2
122 496
627 94
440 308
792 9
901 745
629 756
462 709
564 565
379 313
694 944
590 193
332 209
117 869
9 178
712 335
575 228
815 597
720 299
985 314
539 671
96 867
652 918
104 302
286 711
169 854
579 799
468 838
52 901
491 367
697 328
402 416
405 272
247 810
929 685
269 132
75 253
991 443
169 112
958 304
781 297
984 139
553 410
981 743
153 516
80 740
580 997
375 184
283 409
636 553
349 101
883 812
656 972
373 18
874 617
535 297
313 244
345 381
425 713
373 131
875 65
433 246
552 124
883 586
225 960
373 308
72 990
711 482
295 601
816 384
504 428
399 719
914 801
395 144
956 484
194 671
908 327
550 788
76 735
765 764
594 156
480 260
564 836
670 570
876 738
557 607
419 483
538 887
868 722
238 190
927 859
486 441
682 666
936 678
77 84
209 100
879 519
583 739
865 999
901 717
738 993
647 473
246 996
747 885
363 824
54 511
366 61
527 308
844 152
81 332
383 659
686 867
359 925
693 77
96 783
226 690
9 904
66 171
711 345
927 413
626 435
919 396
242 424
407 265
544 386
303 155
53 448
22 625
922 515
62 278
523 736
212 359
395 641
14 469
807 680
494 669
796 159
635 417
835 675
394 935
52 703
974 856
204 594
106 576
322 645
141 127
843 365
718 843
117 64
83 464
57 950
340 481
28 20
573 205
575 771
338 326
586 40
35 290
516 435
888 336
762 361
301 27
233 381
396 369
520 479
440 961
153 92
546 541
875 843
968 375
326 513
171 576
707 530
256 663
41 391
495 251
775 981
727 444
450 392
345 742
682 800
591 349
324 256
107 912
381 337
517 575
684 32
885 673
815 958
82 718
195 501
440 492
959 511
46 828
731 116
271 985
911 832
575 175
741 179
209 354
730 592
659 128
510 920
406 995
812 674
941 962
126 916
252 311
796 430
389 768
307 139
769 994
662 611
204 769
596 515
967 100
200 936
304 786
467 446
984 212
692 141
291 620
398 784
692 849
373 936
140 566
598 307
71 337
356 676
788 506
70 11
640 782
95 492
334 684
874 417
745 88
404 538
496 523
850 438
945 330
563 807
594 947
595 502
667 773
504 117
768 636
749 897
650 624
335 800
84 736
470 521
736 159
975 563
756 210
110 901
715 799
920 325
349 565
928 848
985 865
106 282
822 124
237 564
883 771
464 208
872 749
580 38
121 703
622 473
953 364
312 356
578 515
462 750
234 521
950 323
347 314
205 184
797 468
891 441
764 169
103 857
507 432
939 111
378 463
130 850
111 419
938 173
647 711
562 881
464 284
487 635
967 810
968 668
238 802
823 437
703 252
652 834
853 207
265 302
506 474
276 442
18 14
592 183
496 28
856 332
947 951
285 548
773 268
950 830
429 601
985 153
839 18
862 177
956 814
313 788
413 434
635 909
602 658
821 692
844 665
611 192
278 241
960 472
874 626
726 755
860 605
439 422
425 748
283 730
235 197
19 836
629 413
131 798
528 432
504 34
331 839
37 407
119 976
870 808
766 361
490 172
736 204
383 699
921 110
504 45
357 860
638 167
965 157
570 335
220 452
729 564
810 906
491 667
663 571
831 437
577 830
390 69
31 317
110 350
898 616
224 749
237 937
879 14
846 253
104 994
582 715
698 444
57 44
977 131
704 837
137 452
894 600
53 88
503 8
734 924
95 834
516 544
925 389
288 54
694 578
97 698
919 619
600 492
522 723
866 701
283 205
856 697
657 952
911 967
626 287
957 133
78 854
355 207
375 272
341 416
911 884
127 339
643 394
884 967
888 889
192 944
744 765
786 510
627 808
395 73
501 91
550 510
878 987
166 503
549 440
600 438
64 105
176 627
654 296
642 368
515 994
206 435
98 264
682 53
120 796
514 310
435 611
516 472
990 275
504 62
585 251
969 20
888 420
797 822
524 82
12 190
180 808
801 67
371 191
281 171
124 605
915 676
275 601
244 294
893 911
806 782
220 351
591 376
98 831
651 63
854 240
785 220
849 250
902 396
621 27
483 388
814 584
319 234
983 83
15 301
362 523
453 848
275 400
205 239
208 157
271 964
203 914
639 513
152 372
315 768
909 662
526 586
674 201
790 975
298 53
892 141
733 882
74 540
231 920
590 508
630 569
192 591
66 168
218 287
647 924
598 74
51 181
89 106
1 920
532 428
570 731
596 607
545 815
486 579
857 109
682 384
848 920
575 735
958 301
933 17
832 172
762 37
35 455
93 325
60 114
631 709
185 41
499 900
30 1
148 837
944 532
528 339
802 686
197 742
441 452
992 768
194 960
707 759
15 187
412 853
25 988
336 627
870 686
248 95
230 19
439 317
202 560
59 921
206 216
119 777
375 675
999 293
914 917
849 452
297 941
120 264
926 320
62 540
784 425
771 693
263 273
253 421
811 785
134 196
690 910
927 975
252 227
593 225
107 800
470 909
800 544
921 492
332 139
24 236
831 163
835 36
29 101
211 894
267 560
609 919
846 932
264 778
358 834
808 839
327 273
908 792
720 115
924 869
288 15
86 870
260 109
796 431
507 866
345 67
808 613
56 394
382 733
843 93
458 181
520 392
353 457
886 861
912 254
729 22
801 417
352 527
792 732
170 299
83 657
355 404
930 886
990 62
573 14
80 997
633 867
173 384
619 848
486 841
452 788
162 883
549 101
550 262
74 71
838 13
767 441
749 606
53 999
573 208
741 862
46 80
728 871
503 971
66 501
127 943
936 148
757 484
922 75
64 383
28 730
432 499
880 892
582 113
76 770
405 32
227 874
713 215
785 578
541 830
272 411
842 194
410 569
995 307
33 706
382 341
462 461
671 251
823 812
493 457
862 850
298 713
669 454
45 428
29 143
380 989
162 136
105 338
896 29
366 11
115 265
8 717
665 980
601 722
682 885
744 198
599 216
994 530
591 825
247 34
21 775
815 401
672 129
895 583
611 404
756 843
333 902
277 6
639 578
105 831
679 471
772 75
35 959
682 344
886 919
467 202
731 829
829 136
577 471
425 834
415 315
328 403
491 193
572 238
701 974
504 180
841 219
514 339
608 570
456 311
532 920
809 373
317 566
908 127
527 743
141 360
73 50
735 512
149 60
353 770
928 54
515 308
20 766
58 297
500 966
271 559
116 150
318 590
101 326
215 194
401 898
680 403
516 825
99 893
634 966
215 179
686 504
138 50
600 889
710 434
116 987
9 295
467 991
696 743
642 533
156 289
11 494
286 927
698 300
113 964
241 143
367 955
601 607
712 448
397 666
125 629
164 891
312 974
510 977
9 914
82 840
825 272
330 734
548 30
131 387
191 463
60 410
633 584
817 997
696 146
697 703
667 275
463 892
257 260
549 987
805 417
448 238
320 488
627 873
246 136
827 951
573 167
154 23
825 806
84 980
582 63
819 283
359 114
272 182
550 729
634 294
746 61
453 138
475 462
700 157
139 741
465 308
173 123
371 190
300 130
854 825
49 134
710 701
380 688
146 792
608 915
423 324
975 299
462 410
944 437
551 584
556 226
613 287
263 300
820 671
379 505
15 703
586 601
489 729
954 997
833 337
833 796
794 522
615 470
825 919
621 917
819 401
388 914
561 926
566 169
90 158
553 798
327 671
589 72
367 792
650 220
263 611
512 21
471 668
184 70
579 384
711 458
950 554
459 77
422 83
226 688
173 983
318 128
817 807
252 668
513 622
660 747
222 316
282 625
639 693
128 912
421 106
403 755
795 821
246 465
835 532
782 45
161 549
790 520
131 157
445 485
672 407
835 677
89 267
680 866
317 811
9 586
969 324
154 504
600 40
286 725
503 881
552 203
199 600
611 872
667 138
176 751
638 435
766 708
415 384
368 982
510 6
262 509
245 347
653 196
340 705
839 537
438 210
476 1
691 974
651 495
125 294
876 546
163 217
680 333
883 326
81 960
992 788
210 228
309 720
538 806
777 678
25 137
903 34
997 835
761 883
893 914
15 610
811 899
961 369
292 789
262 57
210 262
85 746
485 128
17 890
713 485
203 595
721 914
902 105
959 360
120 487
301 622
694 975
807 292
684 177
673 192
100 160
877 672
347 321
206 516
147 86
243 513
635 771
851 830
569 817
303 347
215 703
91 997
852 512
411 970
469 593
493 842
810 28
231 831
977 517
265 641
514 776
252 535
401 65
40 927
772 80
973 721
691 416
209 504
808 388
628 781
754 254
294 871
173 622
501 97
563 154
66 990
10 437
490 754
528 800
979 330
343 819
969 352
933 389
578 48
684 781
140 816
410 66
785 150
754 821
793 643
560 658
374 546
488 653
5 313
325 486
130 244
462 129
727 655
771 869
442 181
373 411
106 102
414 439
35 62
204 423
129 37
595 214
270 790
822 451
272 555
951 229
954 187
846 453
719 889
243 48
244 287
746 185
765 139
141 775
113 620
579 347
964 135
146 514
609 720
618 26
243 334
775 217
464 97
251 875
204 181
470 203
492 535
220 550
189 529
997 170
673 236
301 739
768 216
733 736
976 91
639 926
324 939
346 879
130 848
669 9
564 225
626 102
744 997
174 520
405 744
51 383
969 960
990 878
443 501
260 209
29 396
485 858
344 98
622 885
291 701
536 608
847 912
566 282
526 127
868 739
216 92
883 932
204 517
45 519
815 103
174 853
471 362
398 925
292 416
593 819
889 484
139 607
31 965
602 515
24 941
723 877
170 919
157 768
656 225
196 314
197 15
607 564
365 969
371 308
577 609
797 848
578 624
620 833
513 409
770 488
442 73
559 678
158 773
250 746
555 659
826 132
480 379
505 920
810 407
962 546
559 900
893 90
667 34
162 58
211 987
233 887
431 455
825 859
932 921
517 629
294 438
167 956
306 947
354 645
229 195
