1000 9890
929 245
379 314
477 892
820 841
677 704
163 698
313 265
733 317
172 564
319 807
12 909
734 898
592 119
424 521
26 837
833 371
817 826
753 132
437 729
982 463
105 649
839 466
787 207
644 204
94 287
61 974
833 157
691 363
998 933
933 234
401 9
402 354
886 154
635 390
781 294
734 478
520 208
383 430
746 539
602 999
71 424
933 316
729 497
667 161
279 319
747 127
92 296
586 238
75 570
993 19
49 475
931 965
116 469
724 788
317 714
658 646
510 197
215 731
702 915
634 761
727 548
760 281
326 683
202 621
458 636
229 436
671 45
840 231
567 76
492 810
110 393
884 880
129 158
519 489
318 762
54 208
437 200
81 22
924 718
394 189
424 824
389 486
85 315
418 406
186 682
316 749
354 536
501 679
692 368
293 747
830 450
392 180
798 892
566 456
643 701
260 395
616 89
137 192
69 773
89 255
342 795
22 645
441 570
30 932
252 524
491 332
496 38
743 730
527 245
882 742
773 853
631 929
209 848
247 952
710 304
621 139
6 645
36 775
330 36
312 551
477 947
204 589
173 410
728 111
359 435
507 644
257 583
313 526
723 948
724 475
466 311
175 301
568 583
145 266
503 296
383 398
278 742
884 737
534 473
225 36
341 61
176 736
304 437
549 760
88 492
3 261
614 393
62 800
747 232
783 832
515 254
864 112
760 141
499 419
64 644
710 783
901 917
219 800
257 3
637 330
306 720
951 128
441 335
188 748
944 82
673 628
458 132
90 942
256 116
719 789
48 872
817 309
780 959
930 12
966 982
368 915
864 776
21 301
357 453
233 847
604 842
181 55
54 303
772 910
534 253
635 548
545 284
603 2
20 346
510 437
320 756
543 654
379 83
989 930
901 448
56 621
797 239
263 727
199 213
402 121
55 849
646 284
534 262
248 773
984 851
98 472
998 771
51 354
90 260
329 580
471 897
611 378
247 894
426 419
661 59
648 95
406 691
354 96
70 876
442 655
60 220
302 371
505 101
822 890
969 662
759 153
112 272
130 467
349 221
580 847
671 528
50 218
788 796
182 487
330 314
975 174
960 157
101 765
231 110
782 586
534 251
700 215
974 797
686 145
173 66
690 364
49 124
267 5
875 808
362 909
515 363
845 976
931 480
980 549
470 639
54 126
316 37
721 723
673 528
397 883
286 29
822 115
750 355
241 566
427 985
765 123
822 226
492 641
369 330
772 897
832 322
134 224
432 982
453 790
366 9
81 495
284 260
447 200
930 242
350 541
693 166
190 170
856 898
547 615
502 632
422 9
890 609
946 655
140 173
904 231
765 528
5 273
838 675
680 541
644 120
520 422
103 796
766 833
485 938
969 545
553 418
19 506
900 401
4 366
210 583
413 745
640 894
160 819
684 867
960 475
923 193
463 184
727 991
818 921
898 848
378 864
970 44
349 33
477 135
135 938
801 798
469 760
54 542
465 701
529 884
642 397
400 800
789 458
516 630
888 395
210 907
282 268
894 161
33 795
35 76
110 656
901 785
738 405
956 476
797 960
889 807
573 306
521 774
296 527
132 262
927 210
50 514
911 312
550 895
185 793
497 991
353 595
281 494
750 706
567 408
77 172
352 495
190 405
390 203
432 989
342 304
114 179
663 794
722 306
669 345
262 913
981 615
720 42
308 247
256 346
220 523
350 622
556 941
998 542
581 526
91 798
99 315
650 137
363 638
566 436
793 975
385 772
32 479
711 369
659 42
695 824
847 849
852 569
907 776
527 99
910 409
536 974
344 728
99 102
545 768
583 968
366 533
649 802
385 106
481 651
862 144
644 995
648 486
939 665
27 995
586 350
168 75
978 548
417 892
273 496
225 31
799 423
231 33
514 309
187 455
775 702
297 523
616 871
508 537
309 984
37 585
983 552
823 195
831 756
408 182
449 862
732 159
932 329
914 940
594 152
443 396
337 129
245 520
712 979
175 829
493 510
662 289
332 956
370 331
480 759
870 388
263 302
306 783
552 587
20 97
115 421
342 348
200 971
955 503
741 10
302 958
530 741
825 999
427 207
602 243
730 940
512 23
125 934
298 48
985 191
816 701
285 854
124 226
644 387
51 792
523 518
266 116
930 540
810 38
134 756
999 734
191 493
605 867
507 968
865 734
888 809
8 195
853 117
963 70
256 785
558 538
264 316
820 273
236 424
532 653
936 270
679 622
645 426
27 975
417 943
770 877
256 7
974 757
244 978
26 141
120 736
796 953
403 962
390 565
248 132
68 407
909 199
988 320
550 763
440 854
438 638
866 804
63 668
245 345
887 926
600 328
579 701
262 386
120 45
624 461
827 32
497 645
24 307
18 82
561 508
358 426
201 509
846 495
426 538
573 898
215 132
110 426
347 52
737 396
976 964
719 788
975 702
688 72
703 490
323 63
768 976
498 746
860 334
821 707
445 752
7 777
673 853
975 295
159 594
399 235
660 85
858 175
793 428
255 798
509 634
241 196
608 577
803 438
959 72
742 584
1000 119
708 840
216 518
877 815
564 871
517 878
664 302
631 320
707 368
212 562
707 90
329 762
132 147
688 611
191 432
104 362
69 760
530 378
170 381
833 171
728 447
930 659
181 539
900 47
226 948
9 650
946 349
620 260
722 424
537 840
455 285
574 173
943 120
987 679
102 368
991 268
156 717
487 29
736 599
81 267
266 688
896 775
553 240
93 215
422 776
10 701
905 819
340 368
202 369
386 360
940 711
410 354
107 308
605 45
788 627
951 449
774 158
233 238
822 342
571 210
664 944
84 595
610 344
519 630
976 529
707 899
859 139
627 216
990 547
422 578
99 979
725 659
163 930
256 192
223 626
149 379
777 930
975 515
51 645
432 897
215 910
141 999
971 628
275 461
78 386
688 338
485 388
693 239
228 785
8 351
817 643
385 831
170 63
463 726
907 926
838 902
126 948
470 282
273 830
751 895
368 380
701 406
969 242
35 836
17 305
648 237
834 232
344 316
798 599
587 480
772 54
246 31
710 494
69 510
765 881
400 357
148 899
744 532
999 964
122 392
982 754
732 705
296 447
860 645
809 88
814 299
762 88
943 141
936 85
934 960
386 42
919 116
577 325
227 604
525 29
28 539
895 21
589 938
208 46
689 796
358 129
340 660
642 394
236 549
979 55
11 889
415 235
708 302
233 202
788 646
828 647
686 285
690 736
395 452
629 989
214 413
340 840
570 429
974 395
760 787
372 473
466 610
219 422
538 830
355 678
7 849
546 5
820 932
34 977
460 27
100 114
431 746
379 173
53 164
721 250
579 228
997 349
1000 79
527 332
734 896
700 784
545 37
894 461
134 521
325 582
769 814
238 369
807 818
39 644
244 682
674 898
696 149
550 16
518 562
776 45
43 606
1 837
246 123
943 67
526 89
486 554
639 496
252 968
914 199
761 354
160 380
66 516
31 554
841 410
221 424
277 630
773 529
625 328
230 702
982 905
532 968
184 694
379 116
154 18
525 1
256 911
300 329
700 41
26 72
136 904
121 334
879 488
127 864
314 975
477 273
188 996
580 422
136 791
999 428
509 160
435 773
385 490
448 648
822 286
209 144
862 53
322 640
832 558
519 780
793 181
116 868
169 296
530 960
694 119
733 536
453 715
402 591
910 165
591 501
907 282
450 323
133 862
193 70
564 534
232 23
530 738
656 937
44 649
584 467
21 745
557 487
40 54
55 990
886 568
669 94
670 297
393 195
69 882
747 918
750 27
756 1000
540 813
610 37
142 113
164 745
695 799
4 114
652 774
139 989
436 917
164 632
570 743
187 969
924 82
453 43
654 127
268 654
644 49
170 696
395 533
877 287
623 719
348 531
735 897
874 551
925 937
361 904
1 559
843 352
614 685
268 67
605 294
326 201
457 14
818 49
310 560
675 648
562 118
36 118
111 530
448 282
63 671
979 126
505 651
918 239
541 908
230 23
453 508
712 865
435 676
803 10
971 924
824 190
61 738
976 566
158 978
129 248
171 357
100 325
279 886
720 442
673 852
546 218
660 86
459 167
288 877
811 162
479 816
877 669
493 148
240 284
711 140
907 740
159 883
218 221
237 143
384 615
96 689
981 822
133 84
299 372
356 355
108 764
806 325
955 865
262 523
48 899
513 591
722 831
744 795
565 275
532 588
919 284
965 194
544 18
434 134
967 496
697 756
113 461
135 674
652 520
504 496
841 449
736 761
643 343
662 721
459 694
886 115
210 752
796 879
968 415
692 936
930 997
718 680
168 4
97 162
832 59
287 261
219 755
508 723
221 178
558 243
157 490
814 89
802 545
340 736
141 465
110 762
609 41
541 912
272 415
419 320
183 235
404 244
921 6
723 398
965 309
163 839
149 152
706 414
391 815
964 115
332 592
591 316
314 328
271 589
245 880
817 343
342 298
487 791
327 175
419 527
849 198
464 100
179 832
51 644
750 262
253 310
589 188
132 451
393 57
802 455
17 901
792 209
995 458
7 530
659 163
74 961
865 970
754 921
792 320
276 593
248 948
744 89
462 828
859 440
442 988
665 871
740 493
470 999
937 359
99 76
209 764
874 970
454 158
181 638
212 420
305 590
126 742
589 198
94 64
645 336
45 516
317 255
925 992
430 454
913 988
142 506
685 960
965 836
657 19
272 63
304 480
902 405
452 824
932 226
326 785
64 288
597 762
121 177
983 657
451 480
932 113
111 586
591 463
735 524
149 873
483 979
210 905
616 924
129 405
633 191
798 425
871 205
73 272
591 242
318 626
138 476
983 868
987 353
664 828
910 769
721 626
534 705
864 968
495 431
760 788
778 159
154 661
107 863
825 856
589 207
385 463
65 595
119 384
981 613
449 700
410 938
282 219
548 628
38 942
260 380
498 163
393 85
229 903
413 394
697 7
169 958
483 218
985 316
522 845
136 128
550 320
273 793
259 730
537 313
173 768
321 53
929 822
686 709
587 318
368 488
903 946
351 241
377 165
913 218
187 327
540 31
189 103
155 59
691 413
250 119
753 884
493 561
403 953
329 956
634 209
264 401
32 986
950 718
343 775
633 945
808 238
348 703
40 120
155 348
706 725
701 391
494 186
454 558
597 813
46 29
5 213
819 287
317 598
563 866
858 926
45 44
118 610
145 661
257 36
900 858
44 228
390 504
449 860
727 545
158 868
328 79
367 438
210 143
604 67
897 101
293 852
775 124
194 955
72 451
949 489
132 613
719 675
25 979
389 338
337 929
551 938
589 243
498 476
707 714
209 239
674 83
33 89
588 429
24 684
761 999
711 561
109 479
492 489
367 987
313 620
557 631
906 305
964 527
802 382
290 586
824 487
535 997
612 232
743 792
52 871
754 329
494 564
554 176
867 139
502 242
892 590
457 467
476 473
520 207
714 372
218 860
112 247
899 21
196 607
857 643
987 892
198 488
878 875
737 853
165 708
884 748
960 180
282 416
672 760
104 403
782 621
20 604
420 278
98 664
745 563
33 991
213 697
288 864
93 915
511 420
884 898
560 968
706 842
729 667
850 129
318 955
64 566
690 726
662 336
276 395
975 267
82 422
923 868
102 941
808 502
988 902
2 615
850 931
485 140
271 769
474 447
537 155
976 853
884 326
113 959
100 469
218 589
253 273
951 205
276 856
111 912
415 580
824 344
479 832
762 543
263 720
855 794
184 213
885 714
972 165
547 960
122 144
319 606
433 539
749 388
863 29
688 835
504 592
88 911
14 443
535 751
359 299
279 45
652 521
515 771
952 935
93 307
819 441
933 104
179 790
87 929
2 229
295 936
60 19
688 26
329 308
102 434
156 638
875 126
641 986
515 33
171 887
957 652
923 260
467 215
445 866
714 387
699 317
148 557
386 358
81 518
172 347
944 644
727 651
177 43
766 375
440 995
292 844
187 126
760 172
600 469
598 864
250 722
567 147
272 400
989 317
262 255
307 763
542 966
138 392
103 480
710 520
548 371
383 880
7 222
465 163
618 507
410 804
987 34
716 604
682 604
224 694
617 33
138 234
547 778
786 558
567 343
806 565
55 611
850 681
673 224
765 346
397 992
823 638
94 634
989 786
484 846
726 544
109 423
990 560
462 829
30 705
312 934
186 835
575 431
522 825
688 513
998 802
731 741
584 429
277 781
424 335
385 991
192 827
730 311
18 923
683 919
902 695
598 230
838 305
643 293
992 641
239 863
847 525
464 862
230 513
729 230
454 441
136 688
871 264
304 530
586 392
771 22
679 641
370 783
813 655
523 371
304 481
781 113
292 130
774 762
395 139
144 393
789 471
274 772
461 389
685 358
813 433
727 687
97 280
734 949
257 72
885 464
797 590
869 291
943 688
966 627
924 451
962 574
360 340
395 343
181 330
293 768
862 819
812 28
834 612
747 753
825 863
953 146
437 97
404 350
48 256
211 844
215 797
788 171
994 724
795 657
769 514
848 5
674 905
427 386
855 962
380 418
952 35
660 732
394 229
8 91
709 861
805 330
166 188
204 839
80 445
942 557
725 271
911 882
625 215
787 832
27 532
221 644
470 321
232 514
189 102
744 739
418 910
212 441
359 314
693 699
93 458
866 74
494 891
524 516
339 822
821 658
420 29
723 924
227 749
763 431
936 51
615 811
213 563
966 730
745 598
746 825
175 619
32 747
396 324
235 308
589 733
435 662
404 847
760 373
279 537
652 21
937 346
448 539
12 180
127 755
720 803
918 176
618 142
582 365
824 769
681 588
828 677
408 40
962 659
500 854
746 106
73 668
592 636
845 870
737 357
848 768
278 573
846 176
680 858
695 341
897 262
563 279
571 781
638 641
39 102
775 434
155 557
88 632
582 952
716 330
40 763
812 771
593 401
869 292
372 844
728 164
877 985
513 752
329 707
882 945
223 251
491 446
161 734
955 948
647 922
27 309
599 509
857 198
565 317
697 365
971 122
523 31
631 12
557 937
563 276
175 90
527 241
87 702
790 525
445 480
835 680
540 90
758 32
282 143
246 244
505 62
400 62
222 893
188 53
904 766
634 101
541 759
47 370
167 146
700 88
172 999
983 747
844 799
629 95
928 743
849 237
563 833
586 162
845 599
386 306
499 423
63 750
620 901
287 982
220 27
392 826
11 16
837 388
548 201
510 372
901 999
685 80
674 291
286 37
453 540
202 796
521 684
573 763
208 337
101 234
998 360
223 539
979 557
817 442
966 55
988 677
919 997
186 731
919 858
247 423
19 38
526 987
765 663
161 265
311 827
94 441
242 372
354 282
290 990
38 32
338 774
191 514
397 447
238 619
80 769
578 156
448 505
952 825
239 939
746 686
795 133
559 228
635 322
838 357
969 666
108 66
127 230
577 461
779 905
9 617
304 631
322 736
253 588
496 691
867 388
897 672
727 932
265 832
710 50
423 851
329 21
202 493
849 862
850 433
705 466
620 203
163 410
420 267
781 893
561 307
500 121
853 571
50 824
512 804
754 4
980 434
598 865
19 901
361 422
234 188
896 471
898 381
684 334
296 535
650 714
997 785
672 850
12 467
458 610
765 134
451 66
57 319
936 726
42 557
901 36
962 586
708 122
534 682
31 190
918 565
885 654
65 629
651 970
397 910
337 889
964 141
734 792
864 630
140 940
368 736
117 939
342 212
934 424
42 240
170 461
557 719
820 7
1 937
863 483
352 963
777 460
156 927
322 435
14 485
933 241
346 573
311 573
747 81
645 205
766 424
528 981
450 623
867 194
544 175
838 321
435 366
883 856
446 850
386 524
163 344
277 955
481 109
856 143
418 456
71 592
685 468
322 998
714 420
404 948
81 609
118 516
747 180
567 833
714 311
672 551
439 242
443 247
870 178
391 111
54 943
510 317
224 902
150 498
872 530
444 667
11 88
951 196
63 772
158 636
396 997
751 363
254 945
665 404
634 819
858 367
786 640
750 689
381 274
534 694
206 679
183 364
51 738
734 869
137 461
47 598
312 101
275 91
313 268
816 661
807 699
734 903
111 460
829 625
242 301
47 948
787 877
434 411
655 758
661 644
773 90
365 425
374 129
446 306
144 970
71 99
74 709
626 278
494 542
334 819
423 550
346 314
457 855
716 235
77 388
97 925
593 624
662 556
265 958
415 372
92 519
273 347
978 544
409 299
616 589
213 577
767 494
776 967
112 348
349 1
849 132
615 810
504 214
748 457
880 849
809 347
849 678
870 274
37 629
184 919
363 111
776 763
707 657
304 236
903 676
368 941
64 556
428 69
585 478
324 118
970 512
992 456
191 834
488 887
984 924
920 132
409 641
926 510
105 242
660 206
581 485
600 859
752 962
552 990
792 109
43 213
337 816
191 85
410 908
317 909
553 768
882 204
575 179
49 759
92 726
531 825
470 103
812 694
134 462
661 567
792 442
608 610
890 421
204 740
946 595
104 370
578 643
569 200
259 312
817 938
539 401
26 580
672 62
606 347
74 328
40 824
402 323
579 513
387 442
596 324
19 679
173 294
726 562
196 601
821 8
2 142
576 215
552 105
486 902
162 584
475 435
457 156
274 826
349 406
261 102
633 27
282 465
600 332
250 589
954 335
726 378
867 726
313 209
528 104
710 768
92 47
989 215
607 664
391 951
271 621
349 553
902 321
427 867
724 523
161 844
51 911
368 825
534 284
725 851
742 147
449 600
980 748
565 698
54 177
720 445
314 290
778 85
608 832
565 811
750 361
60 933
332 130
800 596
659 283
777 868
650 250
843 743
530 448
61 702
890 598
365 232
627 685
469 986
740 500
280 768
363 459
289 428
293 492
481 644
613 723
796 469
604 308
857 33
161 618
826 876
957 198
305 551
527 212
471 993
970 339
98 118
649 894
944 890
13 255
951 537
678 243
528 801
658 729
957 424
355 490
767 465
2 227
258 153
761 136
468 314
417 824
179 905
842 75
515 35
255 146
849 393
425 521
586 116
879 969
382 19
936 155
59 220
244 208
266 926
304 293
396 269
187 924
127 805
590 647
681 745
358 507
949 556
219 771
534 478
229 358
345 857
684 478
723 256
807 26
451 69
306 832
606 562
275 755
537 196
725 887
559 863
711 836
237 957
533 112
845 190
998 247
332 855
149 147
6 16
786 556
324 755
471 380
608 302
863 558
419 641
149 488
275 667
366 24
156 468
695 525
402 948
191 242
414 535
401 372
298 430
961 348
281 962
468 708
913 465
364 885
863 349
757 762
688 515
469 222
17 309
625 88
56 429
810 250
973 542
393 506
964 871
208 567
44 836
912 437
715 56
130 366
776 132
170 639
943 24
654 165
602 666
968 181
623 768
771 395
365 528
296 41
762 100
529 77
841 371
400 7
628 525
476 306
387 656
893 528
170 577
296 726
136 895
142 600
799 236
747 183
766 401
306 435
514 76
951 33
662 60
409 906
871 206
297 276
750 997
988 42
115 174
778 71
245 253
395 504
254 807
555 550
629 985
138 426
713 470
452 270
281 368
437 254
828 805
148 7
918 615
245 849
107 125
712 154
911 410
110 209
367 226
538 570
812 429
856 837
530 762
677 889
897 371
451 886
440 428
95 660
955 607
755 218
345 369
70 100
932 869
5 205
578 257
726 137
319 813
512 191
203 204
596 207
717 109
61 742
375 458
783 99
769 945
981 557
838 625
514 859
240 166
189 243
396 47
105 796
217 250
956 859
991 707
322 519
696 264
623 962
611 151
482 833
13 7
567 736
227 622
736 676
678 315
633 796
887 659
266 741
467 92
875 171
70 75
951 758
31 806
207 95
650 847
501 648
488 700
654 419
680 58
532 955
576 123
922 27
785 481
490 121
154 816
828 304
67 670
515 176
215 270
633 12
147 435
15 535
197 912
717 345
2 670
542 796
689 504
768 969
492 695
832 988
366 232
997 10
135 367
746 266
930 85
966 895
518 180
891 392
618 587
727 102
627 434
898 870
795 718
868 904
261 38
607 512
467 881
13 534
893 444
731 257
218 372
825 196
441 723
479 15
373 520
959 817
487 110
587 334
53 422
234 925
463 65
331 157
514 686
448 14
286 802
382 907
933 25
151 76
652 865
190 562
709 738
489 120
286 845
179 831
161 792
736 576
697 958
884 632
259 247
244 991
235 244
880 239
74 186
740 843
983 741
857 561
236 730
206 262
436 964
656 47
435 933
274 842
595 82
728 689
54 997
954 319
183 131
386 419
999 349
396 584
642 144
737 278
430 450
998 159
379 557
569 589
487 926
280 64
546 359
52 492
949 794
6 53
86 775
45 313
683 339
646 101
759 740
264 675
356 9
163 747
555 157
704 901
692 338
768 812
161 414
769 735
87 393
166 24
924 236
662 456
161 760
414 730
916 632
479 496
891 976
933 219
49 968
377 459
505 254
717 709
79 732
905 459
190 607
378 999
415 702
201 870
773 708
830 911
275 278
83 262
619 840
1000 982
857 883
622 557
272 102
685 799
257 982
790 248
926 1000
512 812
782 588
71 767
664 663
809 402
334 343
300 803
46 459
106 222
879 569
384 334
828 265
922 194
696 908
789 998
304 181
214 680
784 239
683 303
325 257
276 315
352 161
849 59
798 448
974 771
768 659
931 225
898 490
186 40
115 66
758 744
582 570
361 198
774 961
915 597
560 164
725 886
884 385
668 758
470 851
56 899
219 81
314 455
445 559
906 3
693 377
713 539
641 214
293 587
313 133
759 712
337 895
381 510
983 384
34 825
843 565
897 509
962 157
55 770
626 173
719 522
29 355
748 637
713 966
105 257
848 171
242 406
139 904
567 625
394 691
571 909
950 900
420 951
403 707
65 32
174 642
319 639
971 4
575 654
523 803
985 224
514 662
435 195
611 917
541 411
504 990
620 500
934 874
259 190
979 367
183 775
455 546
648 302
499 722
568 517
399 991
329 55
827 784
420 474
387 659
5 864
746 704
712 624
642 391
880 902
535 176
67 918
577 634
118 538
968 297
35 114
594 799
371 170
917 723
427 652
999 276
56 722
625 807
888 111
689 66
893 994
215 218
695 172
54 92
662 287
993 948
851 466
46 560
455 851
863 879
721 834
370 176
833 776
752 984
362 540
271 890
424 835
385 451
404 345
722 300
234 51
546 30
627 473
466 641
547 696
57 164
48 609
216 451
124 212
381 739
720 51
39 349
702 231
579 888
247 30
160 26
804 851
234 903
97 689
373 676
283 196
284 187
268 528
855 588
17 272
127 501
130 593
517 67
195 897
288 301
752 322
456 927
588 984
888 898
960 287
670 754
286 967
32 802
880 486
678 169
844 641
717 653
529 415
583 228
792 907
762 121
221 468
704 50
387 382
282 72
194 305
475 425
862 327
975 108
316 319
927 265
250 567
415 37
715 611
403 704
633 238
173 115
878 287
126 45
607 678
702 922
304 125
110 545
802 553
133 534
6 812
707 945
546 465
432 145
54 56
152 48
975 672
651 54
245 899
873 106
332 777
538 748
977 452
264 569
618 318
114 589
413 48
234 551
589 239
349 790
760 675
675 41
158 292
569 387
219 310
669 168
673 173
146 359
203 794
350 991
354 1
617 280
998 655
730 89
200 728
972 46
475 590
259 685
994 411
736 884
726 5
138 530
13 614
17 355
844 112
521 83
351 64
373 696
916 852
217 164
91 655
238 594
711 113
491 466
202 131
904 899
724 268
562 739
178 152
913 103
182 752
184 633
939 763
265 984
767 613
692 977
752 76
880 145
940 245
313 964
460 813
376 336
528 317
452 749
754 777
352 457
139 708
370 218
118 672
581 328
984 318
487 469
185 671
69 395
34 396
197 192
179 589
71 683
789 268
193 489
499 424
407 613
90 663
292 955
884 61
741 660
332 244
324 84
574 443
96 155
405 245
742 6
29 681
769 18
864 144
663 634
804 880
562 710
706 716
953 350
446 197
755 38
497 874
647 422
903 683
410 895
569 302
216 726
648 699
975 986
263 558
926 250
111 288
186 585
151 713
25 717
177 826
640 446
329 787
230 501
280 354
320 634
7 698
412 10
416 77
668 379
414 731
712 444
395 424
406 731
946 452
229 728
327 191
481 267
819 159
360 664
142 368
606 309
396 866
611 65
558 568
151 226
249 128
895 793
736 766
330 67
960 502
146 687
782 819
888 764
80 821
886 805
549 253
364 501
865 184
166 647
192 270
266 525
68 497
177 161
533 585
516 409
719 178
277 139
176 786
233 327
909 886
145 521
337 289
71 517
842 442
366 980
97 353
814 828
229 356
728 573
158 928
558 321
362 662
220 280
584 681
150 567
155 859
82 281
323 415
34 84
243 342
893 144
622 342
882 131
259 950
902 220
308 137
211 421
798 812
858 91
587 555
476 938
402 965
539 652
929 840
155 647
857 353
955 15
588 215
19 180
187 790
804 182
223 60
522 805
743 821
320 501
469 220
770 482
311 649
339 704
526 212
17 361
790 601
826 782
386 659
957 232
939 549
298 423
485 979
236 95
433 643
148 905
541 410
101 510
605 583
677 74
943 347
849 925
10 889
908 786
605 504
272 52
681 408
365 671
173 364
727 837
800 506
654 453
924 34
785 362
951 285
563 482
390 759
598 678
624 301
185 727
205 556
810 862
686 69
429 420
72 895
469 995
357 834
396 642
168 545
504 377
837 345
620 607
841 798
126 208
51 969
57 344
813 192
276 62
538 649
140 701
318 337
896 67
131 341
111 122
405 527
318 288
357 262
394 272
440 430
310 245
636 410
385 748
194 20
68 621
949 484
534 774
38 665
960 963
119 82
178 512
293 465
284 976
920 517
377 498
160 394
643 615
437 594
668 210
407 190
835 547
250 1
433 551
251 312
804 562
751 639
535 674
518 564
481 307
668 65
209 876
925 558
614 871
674 750
236 67
934 772
645 447
28 343
537 160
567 738
614 699
415 262
53 949
257 908
554 837
339 24
231 94
349 399
44 451
83 31
871 14
374 610
632 263
567 817
611 597
137 880
418 891
989 240
701 77
846 363
477 412
138 362
945 106
720 694
112 795
209 173
121 547
842 581
884 248
387 842
444 809
435 418
581 824
158 11
769 422
251 854
664 140
663 966
359 457
963 120
896 47
716 608
733 542
973 15
988 588
882 203
795 450
829 944
299 497
786 901
163 329
543 547
911 15
441 721
460 283
664 76
605 971
821 830
4 755
544 413
619 691
930 646
72 616
195 892
344 34
697 738
57 643
740 640
246 89
469 502
423 184
16 658
454 106
829 86
80 699
300 644
130 88
343 806
714 182
39 789
614 679
170 964
376 337
874 432
965 775
715 288
952 750
537 512
529 163
634 464
121 131
430 221
13 267
420 275
774 710
577 688
597 701
761 953
451 447
859 554
110 736
76 906
391 35
526 235
20 703
920 453
82 16
449 819
68 195
451 221
71 968
383 970
132 800
559 379
765 254
656 350
136 931
628 170
810 889
300 381
638 967
531 523
293 964
827 372
370 249
775 236
105 380
931 434
290 278
129 924
446 415
225 843
925 176
763 843
267 554
87 165
886 751
764 15
178 742
507 30
199 316
95 913
811 70
263 719
861 90
156 443
852 521
688 538
212 680
341 12
89 35
513 577
938 990
631 127
173 835
691 314
30 904
235 662
165 175
496 122
648 71
621 457
619 556
70 593
675 878
322 474
274 345
520 1
304 668
909 433
69 404
197 367
17 249
291 998
992 617
684 887
4 257
10 834
778 808
412 638
761 141
211 172
196 696
808 58
183 850
701 785
639 101
420 311
442 203
297 580
27 639
429 447
358 111
708 655
96 90
855 616
949 553
220 507
917 459
21 6
614 143
340 972
162 444
833 945
280 47
499 165
417 234
717 287
206 988
342 300
649 255
471 798
48 281
671 259
51 650
877 746
162 241
483 343
621 741
217 807
151 156
920 780
152 694
426 61
906 355
946 820
904 256
498 923
890 617
1000 489
380 411
740 491
584 631
490 938
731 760
623 446
812 927
264 157
339 707
411 94
963 541
315 722
290 849
890 918
460 513
377 485
433 395
160 333
895 943
130 365
66 571
819 107
787 521
793 580
260 911
619 822
979 222
562 776
361 731
107 491
840 814
753 573
849 702
481 210
267 379
796 670
250 640
14 839
791 405
405 74
872 903
475 975
85 998
999 278
707 197
175 688
270 840
197 808
400 710
348 132
741 683
671 48
162 448
789 37
59 840
54 33
577 779
615 343
486 393
144 159
37 913
884 276
471 348
266 501
983 64
534 586
663 786
885 878
214 374
659 487
682 972
596 906
6 386
399 857
318 432
194 226
820 850
877 863
768 189
848 107
591 685
99 291
217 940
185 334
242 297
136 134
394 706
34 573
474 246
146 35
166 38
385 909
795 946
722 878
530 189
716 144
998 616
405 286
601 240
106 702
213 250
896 550
309 146
554 198
772 17
938 825
406 371
834 374
585 676
731 994
606 242
808 325
516 30
922 725
639 334
329 247
59 458
41 203
11 559
412 934
396 99
900 659
559 510
457 228
245 333
657 275
474 609
92 464
832 775
567 161
76 952
112 653
115 798
79 379
816 267
690 300
34 328
492 908
537 103
167 740
573 609
357 246
286 50
604 89
641 449
578 956
336 319
103 551
225 701
638 827
882 377
24 155
975 960
417 628
808 967
551 817
219 264
536 118
294 346
104 288
911 153
380 253
740 77
905 16
834 918
137 126
265 433
17 720
731 333
553 550
764 458
346 735
114 659
905 242
682 484
355 507
44 973
726 47
288 331
834 78
14 336
244 939
763 465
930 984
699 11
840 737
430 803
644 749
260 726
482 578
799 387
731 931
738 371
462 179
505 652
434 688
914 742
439 129
10 483
62 952
176 967
656 433
822 322
978 27
154 898
780 850
598 969
547 169
695 97
534 417
214 621
521 727
299 161
500 550
815 63
604 172
917 249
733 609
203 986
704 873
262 849
446 178
854 287
821 462
270 380
697 208
589 98
685 527
506 744
214 41
129 701
367 517
445 859
1000 398
873 896
911 98
848 194
282 552
143 261
401 174
518 723
274 350
778 612
195 970
532 587
381 907
369 963
667 292
407 225
342 542
772 942
662 633
772 804
957 51
834 446
800 242
625 355
899 230
847 676
593 973
23 38
169 407
779 908
118 992
47 428
533 71
865 333
353 17
889 71
73 178
878 777
737 907
439 455
504 994
652 244
233 436
362 208
71 760
737 996
444 541
1 766
266 877
853 951
486 128
604 483
756 38
64 616
301 789
984 937
215 307
915 745
263 401
957 842
462 472
45 272
893 76
159 280
868 670
116 859
979 607
538 488
346 160
842 749
96 391
833 722
315 615
643 945
241 271
777 827
544 538
872 503
925 147
319 932
308 139
716 312
879 220
350 522
705 521
601 584
964 574
124 179
751 790
920 700
578 424
281 966
935 446
907 918
493 915
792 502
316 908
722 651
320 503
302 587
832 31
326 317
757 631
528 955
311 165
567 578
568 460
397 478
143 654
346 518
688 869
170 209
66 905
122 371
415 526
87 893
310 583
892 652
974 333
571 733
643 184
662 756
187 724
409 338
11 514
304 520
430 56
255 45
595 320
147 28
211 75
241 137
909 182
36 38
277 316
478 596
440 790
991 927
234 10
491 617
992 178
96 103
719 1
741 601
44 255
651 289
174 173
604 455
16 856
91 316
219 867
1 212
816 472
634 602
452 251
400 598
534 361
126 170
594 60
498 361
206 910
832 585
559 910
974 413
988 836
543 410
103 659
967 702
707 382
314 816
890 825
564 570
376 659
915 70
293 620
431 754
513 893
686 950
309 210
416 24
270 167
950 581
761 814
99 435
946 680
778 754
658 372
330 709
395 460
929 719
805 372
888 790
99 145
622 799
454 253
806 102
682 400
957 10
351 783
367 671
924 501
672 390
914 776
36 789
293 130
467 243
112 194
439 361
921 538
204 690
905 657
181 361
309 781
349 28
440 592
766 485
170 881
10 746
376 422
675 660
608 721
951 355
292 172
645 736
278 907
886 348
676 10
642 102
862 725
277 193
637 715
177 117
175 742
289 531
141 665
6 912
651 333
249 619
515 426
275 593
618 27
121 545
567 70
290 46
475 22
319 263
349 726
189 796
150 514
588 905
672 884
34 43
382 344
440 366
315 574
372 517
409 565
907 274
627 981
858 332
74 636
522 167
391 530
252 66
18 390
181 74
642 716
96 574
460 55
557 479
543 668
952 487
475 722
4 836
597 451
156 143
990 754
882 939
994 721
389 799
863 1000
159 933
881 97
327 946
890 273
856 470
17 497
127 490
826 853
352 896
938 907
179 101
944 851
291 549
361 999
639 412
394 936
622 682
74 452
408 688
657 67
839 863
72 500
5 899
667 12
946 99
529 9
782 709
952 910
804 389
952 752
936 21
719 298
166 670
6 707
743 144
139 494
941 697
567 998
913 763
254 423
71 535
699 278
239 593
791 254
706 978
345 934
36 205
111 651
292 855
760 151
581 87
233 249
327 542
547 168
31 475
551 656
93 654
811 623
974 41
680 960
29 678
106 299
916 226
497 926
168 650
759 962
656 751
677 987
768 937
760 851
650 507
124 458
90 214
897 356
129 914
630 964
901 276
405 581
669 280
413 474
128 342
855 162
919 608
449 367
867 212
99 689
131 439
62 221
781 561
798 721
359 517
820 41
226 986
9 800
225 27
873 673
237 314
682 473
520 436
153 685
226 77
304 783
416 669
145 49
520 3
424 120
903 768
652 512
467 314
382 939
921 545
279 155
122 492
620 35
213 915
108 207
182 578
477 30
118 784
212 221
547 505
490 411
608 554
19 823
97 43
6 687
244 174
279 377
505 988
874 293
254 451
131 702
315 77
173 39
150 53
842 342
736 317
384 322
962 819
505 536
898 375
344 577
186 69
538 926
352 165
885 453
814 835
780 887
999 381
802 795
140 662
112 805
595 848
443 463
229 498
525 517
819 792
953 270
368 858
383 889
405 903
579 324
397 823
69 864
755 7
192 539
209 159
465 723
566 253
953 232
503 185
462 618
85 192
546 105
86 918
234 653
812 607
522 974
742 621
393 178
565 44
317 307
725 694
928 152
566 398
949 318
242 402
239 828
445 239
454 775
971 171
772 424
204 858
193 239
660 549
705 116
743 532
265 571
213 853
251 398
87 616
18 805
239 981
829 43
923 42
852 892
563 195
514 517
201 774
166 452
698 713
166 599
913 516
188 251
904 700
321 542
676 128
754 844
98 744
853 616
966 313
35 233
456 892
370 744
847 78
36 560
563 703
125 370
141 493
953 735
71 876
780 132
230 215
231 874
586 887
44 143
599 735
509 49
894 393
200 149
805 696
422 532
708 53
910 777
358 762
200 228
228 210
300 327
693 296
146 605
419 723
684 221
688 152
604 772
141 303
696 158
575 133
401 27
782 481
347 386
547 53
593 430
316 691
480 801
413 307
289 269
367 25
114 282
811 384
647 542
236 4
890 395
526 917
907 949
624 595
397 287
843 819
881 68
535 985
223 29
635 181
912 744
621 122
435 5
626 272
306 886
190 825
981 131
52 826
856 420
736 714
772 162
709 521
268 449
456 609
738 11
701 117
4 475
525 167
286 741
692 616
804 354
115 597
619 928
170 894
543 883
304 388
396 492
64 178
409 79
637 601
230 401
698 975
120 457
438 194
975 25
11 924
324 237
149 6
679 566
693 761
842 497
884 84
860 862
980 615
800 336
656 373
842 576
292 609
443 503
875 520
380 938
955 400
993 581
43 186
190 447
600 797
243 261
306 916
485 9
845 65
39 142
133 837
526 676
608 491
777 882
815 654
962 174
29 5
342 52
713 672
436 57
517 880
699 629
425 296
759 317
9 352
935 391
656 832
604 526
398 117
536 790
207 751
852 752
469 453
356 455
161 727
53 417
8 126
411 107
269 329
411 24
530 46
198 320
972 415
313 750
151 218
597 6
264 294
213 781
827 513
256 922
758 59
481 461
853 349
748 5
658 797
1 550
574 409
740 993
467 127
340 503
452 772
1 599
112 382
304 416
418 696
97 127
116 397
10 593
603 949
141 420
1 369
567 135
21 239
131 611
444 480
799 48
31 474
824 804
471 131
272 571
115 937
899 590
461 749
159 294
950 87
453 517
827 280
77 153
168 651
9 393
263 260
431 998
198 951
915 941
94 868
241 400
133 808
704 764
355 664
82 704
504 112
566 22
859 24
876 986
681 667
284 315
877 660
56 202
591 758
446 3
234 825
809 541
555 33
226 761
190 4
63 286
467 641
14 246
659 255
471 549
402 108
80 350
337 577
212 683
251 135
750 175
146 105
238 899
901 215
532 597
700 567
848 164
939 573
868 493
430 320
610 428
914 245
933 87
652 513
976 124
931 586
469 407
58 994
836 693
269 928
363 13
382 827
735 893
848 671
443 917
10 720
800 466
721 586
239 519
166 699
957 644
466 417
145 636
457 162
774 673
837 79
41 421
738 388
25 87
467 472
907 145
357 810
693 640
196 488
470 539
970 755
97 357
444 654
874 87
270 738
182 62
76 533
738 742
671 75
878 718
949 968
776 19
276 38
439 570
778 224
403 10
137 474
344 87
374 121
573 693
172 580
878 34
860 761
94 525
759 485
599 348
88 678
611 306
275 125
586 272
446 281
584 634
914 55
806 233
989 11
282 957
394 922
908 601
549 857
329 510
999 896
415 986
930 828
296 128
957 85
84 231
508 955
398 617
516 180
64 27
482 806
176 581
429 877
236 377
718 984
527 836
591 508
83 7
748 371
235 320
589 817
550 569
755 569
248 53
49 4
913 595
951 63
813 58
263 25
641 329
516 176
722 116
210 748
7 20
546 454
693 533
289 855
951 221
332 915
162 196
975 715
816 64
779 84
453 733
827 320
782 818
778 132
707 246
216 827
677 914
785 980
788 93
206 686
890 839
856 843
67 228
603 470
471 286
226 361
704 851
655 796
694 818
795 617
428 706
982 249
512 181
329 815
522 882
30 549
416 905
91 521
757 728
169 839
174 560
467 550
51 167
731 729
164 590
200 927
311 745
705 934
463 978
550 14
578 223
190 649
874 678
965 525
657 212
331 469
26 269
206 714
396 143
144 176
786 259
919 874
115 679
978 539
151 407
317 907
291 816
93 228
32 628
419 84
546 852
261 825
927 500
34 879
534 190
535 211
684 751
244 22
357 785
656 72
949 765
641 292
662 210
646 567
41 644
542 612
870 81
525 362
413 944
567 211
236 801
384 186
422 934
777 693
560 771
408 13
987 324
769 9
272 623
936 518
332 951
614 37
727 286
286 64
932 594
845 239
557 315
245 831
581 693
967 668
452 511
695 429
882 372
55 562
422 275
966 178
247 298
731 121
860 387
807 132
440 78
846 858
618 733
413 357
18 279
156 194
668 509
892 131
983 308
967 851
636 152
844 109
627 583
479 410
624 719
717 586
481 738
139 804
585 756
507 946
364 89
726 875
527 878
675 642
643 357
862 123
130 336
226 137
300 640
706 671
373 94
938 570
813 702
226 376
796 908
525 202
196 576
58 545
349 126
705 462
923 307
893 609
332 739
755 576
516 418
644 639
59 201
137 775
658 591
825 390
737 78
704 305
62 959
845 544
918 852
188 322
327 818
789 233
684 497
898 399
266 86
674 315
488 858
15 625
272 587
111 984
367 66
484 238
719 654
732 267
385 197
17 430
699 946
367 800
502 585
447 216
950 737
23 719
315 826
395 265
172 609
956 828
268 864
825 121
627 261
699 656
42 117
60 260
597 485
544 735
428 650
235 620
471 548
610 592
520 344
920 722
445 201
32 18
325 627
416 945
346 702
700 577
169 94
626 586
307 9
951 880
499 817
654 33
515 765
960 348
619 945
526 31
767 329
145 448
754 580
222 182
744 385
80 667
434 367
616 652
73 512
218 936
581 791
149 746
991 535
461 520
5 886
562 117
348 794
866 735
444 425
706 820
28 808
747 192
552 434
680 135
58 295
537 974
115 810
297 729
561 388
745 423
229 286
162 839
270 880
179 733
220 503
719 991
496 887
225 431
278 659
906 856
724 967
139 123
204 820
632 94
244 364
331 101
82 683
841 758
989 470
148 106
573 791
189 834
816 52
104 870
176 339
699 865
95 552
167 911
261 326
191 5
321 452
384 831
918 700
264 837
313 968
886 415
851 888
358 792
752 751
631 313
796 274
484 710
341 187
18 562
661 616
510 314
411 933
71 119
21 890
8 55
673 315
203 404
614 950
924 492
728 277
891 867
675 782
553 430
148 918
679 602
562 676
198 24
22 810
403 788
481 500
390 974
232 942
857 849
72 567
382 852
685 443
244 797
841 197
225 120
443 33
233 405
37 601
365 956
591 682
392 924
409 994
672 936
177 78
163 15
736 219
794 503
120 112
854 815
834 909
231 868
841 944
204 35
514 200
77 382
522 477
618 34
825 644
2 693
811 937
585 260
767 532
901 584
22 467
744 483
90 797
953 153
627 46
741 26
907 376
410 944
216 683
473 316
63 311
609 632
869 422
18 155
13 666
820 862
547 702
531 805
368 693
259 550
665 559
540 685
86 35
640 379
40 663
256 628
215 600
172 696
429 398
90 337
574 935
522 706
905 218
235 553
213 21
53 508
772 398
949 285
429 541
302 469
710 438
730 272
769 852
331 327
95 230
353 259
62 501
341 290
737 613
41 190
188 443
96 997
875 275
17 197
787 553
883 828
208 751
60 125
156 520
982 900
343 910
415 269
164 3
662 774
75 600
371 449
649 665
923 342
83 437
286 634
624 255
423 609
404 993
166 704
939 960
639 57
417 618
419 36
684 744
477 358
480 54
779 260
727 586
49 39
885 459
359 615
77 401
24 291
478 848
256 661
712 880
131 331
253 176
625 965
609 472
630 461
704 500
758 699
707 951
409 792
73 720
882 403
99 151
519 476
298 736
449 628
394 223
841 654
850 836
483 437
855 437
177 566
492 573
440 480
539 194
270 716
915 881
882 196
243 386
726 317
655 883
52 164
34 891
455 233
57 202
481 918
282 673
172 525
873 936
30 759
274 61
129 710
792 386
648 6
716 929
100 895
764 454
696 94
601 167
565 260
507 964
182 936
901 625
293 65
528 902
251 567
863 176
278 366
5 750
31 610
303 905
848 550
965 881
142 440
202 111
95 504
376 342
82 266
269 779
843 490
936 24
274 931
81 647
357 594
239 594
224 137
465 753
582 164
754 997
387 638
707 629
581 84
619 417
12 337
875 827
664 928
385 65
701 603
872 963
335 973
784 265
270 772
81 835
499 204
459 598
907 85
565 529
418 122
738 691
996 435
229 44
929 366
803 277
660 234
630 936
24 76
725 972
63 213
534 282
33 386
73 897
94 757
664 28
722 494
299 67
962 257
377 807
894 560
697 212
445 470
908 814
358 242
52 570
413 328
859 312
994 513
705 722
284 475
253 816
290 612
701 390
95 907
846 593
977 998
429 168
262 518
70 703
821 797
159 922
19 271
826 645
810 14
270 924
464 590
563 458
624 748
327 181
975 198
654 38
506 168
790 550
390 568
654 209
749 301
198 61
623 756
420 207
884 564
260 912
779 896
11 538
143 965
112 269
204 757
903 547
122 346
639 147
489 246
835 160
131 786
405 351
488 763
272 236
989 17
221 135
480 15
103 167
584 701
862 656
757 358
334 457
11 934
999 489
712 825
774 449
760 37
409 807
441 374
828 614
667 672
651 231
61 696
451 77
489 386
782 359
719 764
983 187
217 520
417 94
20 45
864 912
829 898
59 638
320 702
998 623
778 29
964 427
327 341
879 216
403 125
639 908
33 136
878 32
494 654
366 607
833 353
27 470
368 330
88 680
626 408
352 877
846 685
743 819
321 38
908 483
397 329
4 61
61 956
178 888
307 100
758 327
762 906
246 107
943 435
105 953
549 808
198 142
753 837
609 108
49 638
787 524
495 681
525 128
304 524
897 569
558 423
506 501
937 370
799 438
74 253
760 500
637 946
123 792
219 601
699 339
816 405
680 356
384 289
673 749
727 534
709 231
436 453
590 794
917 490
591 199
371 32
444 684
563 606
91 417
571 123
440 743
370 344
171 265
262 96
703 575
164 389
380 897
732 430
660 307
698 106
934 97
794 569
462 683
655 632
523 743
732 349
271 835
169 649
920 79
849 31
372 604
1000 157
817 505
671 482
532 626
379 200
659 490
570 147
147 190
43 113
81 454
670 174
449 314
537 54
765 372
983 445
204 4
669 78
565 13
341 645
588 354
780 468
129 761
830 419
394 719
363 506
769 905
956 525
424 277
351 250
668 40
930 751
553 376
256 770
958 289
373 975
710 454
364 134
331 471
773 756
153 539
320 100
47 499
843 368
17 27
331 420
98 425
919 163
981 187
812 31
734 440
552 222
956 32
225 42
465 635
466 468
568 272
275 774
520 907
409 76
338 154
965 79
412 833
953 655
664 726
383 766
547 291
234 106
495 129
7 485
67 646
505 981
280 95
419 261
777 699
794 379
499 243
394 77
313 48
272 609
447 768
646 855
388 611
617 965
236 312
176 141
858 473
106 322
932 604
347 84
579 257
217 576
180 380
381 461
932 931
293 955
295 29
416 346
471 316
721 65
265 43
892 46
720 47
749 667
925 456
251 15
656 835
859 332
934 414
223 237
941 862
859 509
327 67
57 939
222 303
425 207
174 594
321 561
969 906
218 414
40 914
701 323
117 652
338 683
545 831
351 260
784 672
140 104
611 187
143 992
490 485
535 418
366 757
4 442
61 311
952 756
573 220
576 32
667 155
745 687
412 822
828 477
662 914
439 111
957 750
870 785
374 576
582 165
286 486
714 485
202 721
611 631
945 63
124 514
340 583
768 528
568 802
894 117
760 121
215 640
50 767
662 478
629 921
759 990
531 529
739 658
884 329
105 358
821 344
949 147
553 733
869 108
702 324
388 244
209 337
344 322
85 334
468 570
109 440
570 826
691 610
472 812
952 118
169 780
99 463
246 354
472 219
228 311
242 509
388 441
905 273
355 166
653 627
835 592
790 692
921 779
298 458
875 444
218 741
85 975
130 643
705 29
691 478
639 444
235 938
112 191
667 89
188 250
961 804
876 177
307 231
183 827
443 918
46 241
982 973
802 962
862 375
314 681
421 627
171 864
500 220
638 478
486 91
948 836
59 215
187 231
746 871
395 233
309 611
526 674
685 136
375 742
510 271
718 368
244 511
193 338
447 314
457 530
885 626
820 695
345 721
132 826
609 368
998 198
725 894
251 651
382 326
347 156
574 589
812 862
974 299
590 939
831 358
427 100
138 145
266 426
17 992
128 391
440 409
204 402
186 645
958 895
704 842
454 718
99 269
81 362
445 777
601 595
838 864
730 105
255 950
554 315
127 353
285 785
714 677
227 62
209 607
763 80
781 593
548 379
625 87
436 274
865 672
661 743
277 786
830 230
67 433
696 134
645 307
169 10
958 266
156 768
675 816
929 512
240 913
312 638
4 348
44 801
226 220
36 746
563 199
92 565
292 471
689 685
891 579
486 869
235 39
951 741
165 816
296 929
315 143
444 361
905 713
871 402
608 714
315 252
68 476
417 588
254 483
370 740
420 272
297 682
44 746
569 834
197 129
1 190
132 960
900 874
7 384
138 369
620 967
272 503
326 702
475 144
24 376
25 161
254 812
111 941
388 648
595 880
372 447
711 914
305 450
287 694
220 763
936 700
115 471
498 501
336 472
526 411
214 281
647 477
918 751
833 689
755 148
422 257
831 235
708 870
803 522
503 27
927 661
384 571
886 600
262 572
964 686
440 673
976 340
777 389
597 268
299 569
429 650
963 622
53 506
312 828
632 901
389 984
781 454
88 931
94 153
222 82
518 559
481 308
333 811
743 564
320 246
943 86
412 670
985 196
605 563
521 580
643 266
221 266
17 363
739 469
978 903
709 757
809 167
3 120
760 553
939 804
120 862
196 623
178 462
182 526
93 225
168 200
701 994
957 344
151 257
69 136
814 50
162 607
560 984
888 437
463 151
438 113
296 586
524 210
837 405
784 303
400 536
132 843
812 213
920 857
766 148
414 9
909 814
984 63
215 669
354 713
290 564
613 799
592 661
72 848
897 396
773 57
811 194
995 417
578 715
233 638
342 72
178 536
401 410
510 914
385 705
904 335
228 423
341 128
262 655
664 335
60 616
558 535
151 899
152 611
523 564
360 902
434 437
22 660
186 782
460 353
243 851
563 496
873 712
157 51
431 96
880 348
678 995
906 423
919 271
499 854
157 585
407 219
1000 709
227 340
355 363
981 163
325 847
161 934
969 183
499 628
246 195
35 502
718 857
754 686
350 317
286 709
641 970
715 729
628 590
993 479
741 809
922 981
62 832
340 354
382 253
755 581
55 647
419 377
63 642
192 425
11 815
177 59
72 815
608 865
936 824
679 928
723 16
597 567
67 724
68 187
456 93
220 494
206 41
985 23
29 560
834 254
822 503
25 153
279 788
522 503
67 498
858 523
287 761
915 576
533 241
628 177
555 715
405 878
635 727
262 41
547 909
806 682
703 822
635 580
465 204
963 93
488 123
987 67
440 510
855 563
66 328
284 311
546 94
858 220
803 629
551 211
368 608
954 747
317 711
612 451
81 269
962 142
423 310
584 356
731 503
894 897
199 309
700 894
703 101
851 974
962 548
639 891
749 231
824 66
881 439
810 125
208 382
617 397
522 326
88 893
52 984
324 837
461 26
203 28
388 442
670 528
435 65
218 627
252 958
725 96
965 756
588 792
995 998
944 884
317 238
230 529
396 195
409 618
645 327
776 138
41 773
342 280
253 562
897 588
920 53
139 762
886 366
763 721
343 545
549 374
917 754
758 852
889 171
824 998
834 509
366 621
992 172
497 706
793 941
832 837
427 667
907 149
14 797
3 524
46 690
103 391
585 412
345 679
287 844
665 20
168 732
405 785
462 290
823 669
99 961
315 524
245 84
581 761
929 264
124 372
719 426
141 904
369 182
945 390
632 319
928 576
727 176
363 869
664 122
186 642
860 582
863 673
97 345
603 236
75 279
42 84
62 19
134 396
707 346
946 702
18 237
972 110
259 749
276 725
5 497
374 176
568 99
715 212
473 225
960 141
38 123
822 638
973 532
8 58
563 296
491 261
225 808
757 994
86 240
8 137
227 287
249 315
621 179
335 301
69 369
396 231
109 624
681 119
120 695
286 754
179 894
53 857
516 327
240 880
979 231
544 612
719 233
922 13
999 41
801 11
609 215
496 936
371 260
558 24
712 442
654 751
197 128
733 78
352 215
357 842
253 169
182 111
595 130
867 873
392 765
120 226
806 904
385 312
557 66
132 243
712 53
710 608
578 351
862 831
301 533
820 571
582 604
680 571
441 114
685 687
411 582
680 245
602 73
881 652
406 863
423 151
405 632
462 587
241 60
470 86
843 712
901 504
25 653
869 308
262 674
982 253
565 11
363 623
623 261
366 608
835 269
895 645
324 782
597 541
679 132
114 358
665 846
835 510
759 122
528 782
66 197
393 435
506 12
948 219
491 619
402 195
847 983
60 427
570 393
590 509
4 162
874 674
786 492
736 719
553 399
735 915
776 170
602 580
449 847
118 802
84 118
32 330
625 446
662 773
41 861
6 729
745 689
102 374
28 589
948 654
516 458
573 575
153 164
740 808
358 95
12 308
297 892
975 484
407 600
818 353
475 334
276 277
166 929
23 552
465 436
970 567
8 890
750 638
77 282
37 813
168 660
461 17
817 313
660 209
953 329
937 972
826 168
873 459
846 815
561 909
284 300
746 387
214 149
702 430
5 134
123 237
802 256
134 453
561 623
855 773
808 748
971 264
628 817
592 67
976 418
707 274
743 517
697 264
204 776
317 487
744 813
236 249
950 837
494 705
101 927
703 439
796 123
467 439
729 8
655 304
804 606
491 461
623 620
666 639
151 209
120 529
134 769
1 672
835 660
14 347
723 983
9 633
361 634
503 723
306 827
692 84
443 908
225 735
840 744
862 409
689 965
487 460
658 568
286 484
107 313
918 249
520 568
10 490
317 766
637 745
853 924
281 591
269 635
757 815
29 527
547 174
896 374
346 437
418 6
241 681
888 176
29 672
746 178
989 462
668 793
171 339
944 209
752 906
381 382
96 498
258 897
833 719
335 669
138 251
492 540
882 148
989 656
891 430
104 44
765 329
142 658
199 423
56 207
95 726
61 578
685 520
65 903
303 389
394 419
413 325
915 255
612 83
722 527
400 107
213 488
899 531
916 659
617 396
321 95
708 605
412 434
506 469
179 425
429 149
545 872
950 801
388 330
52 767
606 290
383 239
476 515
882 570
477 886
746 87
74 482
883 840
679 515
993 280
496 336
1000 960
359 455
896 871
330 219
921 468
494 942
853 749
88 297
370 879
791 171
540 489
83 110
33 773
287 189
509 280
59 233
228 736
447 582
343 657
606 777
441 409
998 87
780 158
965 150
775 409
751 389
811 560
45 248
391 908
486 114
993 934
977 345
671 213
929 414
824 692
333 14
65 720
698 570
397 817
92 703
851 542
155 640
621 588
967 608
780 689
267 590
273 525
667 723
384 674
591 721
816 741
743 991
873 613
431 453
967 791
858 772
881 82
276 726
649 84
27 344
549 755
678 985
274 403
725 402
728 362
716 60
420 776
293 6
481 302
99 203
126 995
288 394
164 309
296 133
121 385
841 495
735 975
115 718
801 701
862 454
168 617
421 644
971 985
577 342
135 922
153 197
804 475
455 933
6 653
525 415
488 730
692 688
896 609
20 537
358 729
867 650
559 704
176 823
125 268
896 528
715 974
2 879
525 321
841 948
146 802
699 50
992 56
466 234
394 84
950 97
461 108
248 695
216 913
983 235
293 819
737 453
707 253
157 196
967 695
423 1
375 776
360 127
656 956
380 98
823 544
228 62
298 532
639 988
163 792
488 451
995 276
195 732
200 678
440 149
60 582
544 283
624 585
654 55
183 526
991 241
8 72
299 571
856 652
48 889
485 796
930 635
397 54
204 884
926 503
86 368
808 446
438 745
431 172
92 612
183 607
761 371
966 226
357 681
283 282
657 489
126 556
956 35
282 94
141 297
710 382
275 779
972 654
663 420
760 275
226 435
746 810
872 293
123 825
590 603
911 573
408 279
361 473
218 868
400 651
719 994
701 563
710 675
714 158
385 234
629 785
668 903
7 119
135 66
910 892
725 835
392 617
279 867
599 878
160 517
231 618
519 891
822 11
436 882
863 949
295 137
775 131
64 885
564 630
397 889
90 253
982 610
834 716
262 877
980 946
693 135
713 729
539 801
272 668
405 667
636 439
195 299
34 887
702 318
351 404
298 32
887 230
7 584
526 968
639 833
34 742
181 885
511 722
238 894
834 1
601 826
447 221
848 877
811 371
692 22
839 417
87 732
491 319
776 105
351 219
87 628
13 894
360 678
969 536
36 673
577 67
66 968
732 745
126 552
279 140
743 427
763 489
585 985
748 3
514 455
752 70
127 70
795 466
637 789
800 460
583 339
58 554
535 44
331 722
12 111
303 600
770 159
129 302
865 27
444 386
357 943
819 758
552 475
534 95
311 82
719 81
775 803
724 825
802 927
824 955
417 507
490 211
399 575
291 414
220 488
58 511
888 66
449 778
376 790
379 585
977 380
564 820
293 890
665 431
703 675
959 309
712 78
967 750
345 619
418 233
773 433
405 989
924 547
546 237
876 976
534 522
797 476
266 260
930 459
678 577
522 751
425 509
677 351
872 18
160 894
74 988
91 854
954 600
976 496
189 509
532 381
296 509
919 591
80 340
463 627
283 233
543 974
13 896
485 707
126 795
143 269
865 665
995 10
99 65
908 691
618 879
749 7
459 889
964 902
967 481
311 605
330 757
248 817
815 93
235 943
307 298
487 681
24 820
117 399
999 801
17 129
491 214
218 770
349 44
27 808
139 434
122 358
624 172
808 35
862 378
735 648
24 978
921 324
482 638
158 637
605 140
158 877
311 1
810 864
741 988
528 49
175 566
90 718
89 817
222 759
620 990
767 793
515 428
774 453
707 994
390 434
448 719
196 101
534 325
665 26
388 663
928 868
825 732
780 588
422 717
974 52
155 962
564 558
218 110
475 885
318 413
66 426
907 672
360 147
142 879
824 258
933 672
421 754
385 670
460 118
280 500
890 527
375 69
964 550
471 112
518 405
423 979
729 907
259 751
407 319
599 459
342 292
623 449
477 695
518 695
722 897
212 324
564 17
288 284
679 448
847 610
316 234
523 860
50 314
303 988
87 885
369 624
804 742
810 259
204 646
211 569
434 959
109 767
188 242
118 887
529 202
692 514
996 940
979 86
632 260
235 326
369 383
131 643
150 173
470 718
464 800
42 833
130 948
414 385
456 151
522 454
336 701
655 678
710 727
8 815
686 412
671 200
767 531
996 375
217 677
531 586
419 728
507 697
9 340
927 624
995 390
214 380
171 184
51 542
53 180
879 248
312 114
829 531
81 331
778 371
104 244
530 400
569 78
825 180
130 770
368 313
475 639
612 20
248 991
427 496
785 171
569 191
511 654
18 234
382 697
610 900
259 344
61 988
726 982
108 473
515 683
692 823
450 580
936 259
661 986
693 194
526 472
568 718
36 876
308 969
913 820
331 708
649 563
409 310
747 89
54 600
643 45
944 540
286 639
162 569
70 214
810 681
280 692
120 947
83 41
637 594
280 599
468 501
268 793
921 173
667 977
135 159
373 432
230 27
862 620
205 343
520 749
659 846
185 987
2 739
665 33
189 931
564 849
410 588
855 338
140 597
234 264
896 283
241 540
884 194
464 253
651 35
599 873
432 795
168 805
81 4
65 671
33 178
301 631
417 26
646 117
495 321
78 347
12 893
200 485
133 172
111 273
467 893
428 525
409 998
674 213
397 602
824 314
934 259
627 303
447 634
373 619
857 310
360 890
488 335
360 262
534 824
389 775
726 16
910 475
16 192
60 522
646 433
212 656
139 973
981 78
839 416
437 956
961 50
273 16
792 724
334 907
245 244
445 498
505 95
123 664
356 829
917 904
744 604
969 377
930 977
127 65
843 272
700 511
95 926
525 196
934 670
473 667
827 996
40 466
406 225
89 939
17 284
111 546
554 743
63 655
279 450
121 378
139 375
659 908
589 755
257 224
386 260
499 437
390 452
440 581
318 938
158 947
676 820
236 771
827 416
538 821
390 102
257 446
285 340
875 604
548 334
492 888
292 652
370 156
595 813
543 437
930 26
733 967
21 315
485 891
724 766
450 183
57 15
376 723
698 256
966 590
423 857
692 294
158 414
768 382
417 304
241 68
616 24
817 743
70 545
19 165
901 79
208 794
268 636
985 502
804 926
164 573
40 995
826 654
778 621
229 717
749 6
844 286
863 2
847 905
259 400
389 314
703 469
562 555
13 865
806 205
870 429
293 241
169 419
334 999
351 847
890 31
156 845
98 6
273 212
715 408
117 282
681 24
610 174
433 464
995 888
636 638
144 254
877 388
625 491
143 960
115 613
666 287
279 256
373 165
818 114
486 972
364 488
917 910
442 366
79 119
136 993
379 921
965 114
417 676
453 174
76 991
370 764
488 469
267 422
548 61
931 911
585 563
760 187
903 333
651 316
428 115
176 924
885 461
467 935
339 425
893 978
326 737
366 850
883 164
220 219
600 706
559 792
863 895
760 776
671 356
930 62
897 303
113 738
224 581
268 387
637 207
561 971
182 601
329 939
769 646
272 986
627 374
649 376
759 333
134 496
32 342
489 961
476 957
368 286
703 154
652 920
155 656
47 934
274 126
772 257
352 866
332 264
249 478
545 153
263 954
985 466
277 798
243 780
706 396
691 352
307 107
290 871
644 106
94 161
921 747
541 510
467 369
196 849
714 786
770 512
273 216
40 253
987 880
608 583
800 279
948 407
164 134
737 716
793 594
921 517
294 513
245 93
899 90
61 379
775 605
165 653
481 193
889 219
529 858
366 669
24 606
850 278
723 92
319 779
600 273
749 848
993 230
10 416
319 446
786 972
539 681
594 162
244 479
105 119
953 449
770 281
720 596
827 488
42 608
663 582
243 225
777 636
81 31
337 949
746 283
436 210
695 326
399 133
275 395
259 782
811 845
246 994
356 102
449 652
789 594
544 575
289 148
697 23
630 695
575 18
964 539
696 985
470 452
787 2
950 594
493 989
275 214
464 749
82 820
415 806
511 649
536 945
477 617
47 811
393 432
714 596
363 398
808 529
338 19
934 81
147 641
886 599
891 916
35 736
515 682
387 578
458 249
41 23
845 787
982 700
658 158
329 364
990 91
848 560
643 388
80 714
814 485
249 69
99 9
645 565
380 663
505 213
926 925
515 102
379 671
628 741
371 372
597 686
942 947
306 505
337 604
130 139
962 960
10 501
248 88
980 393
396 714
788 708
366 552
242 586
477 401
390 488
231 646
551 743
515 405
167 670
350 154
888 151
335 612
984 874
694 213
141 747
475 97
718 223
455 403
501 993
228 879
343 46
347 171
619 607
918 540
261 375
599 985
926 123
908 181
824 477
812 390
368 632
976 135
208 17
775 419
320 763
281 875
233 610
289 176
401 414
535 791
347 486
209 505
673 42
986 211
74 521
319 709
988 927
520 306
521 95
123 445
21 448
844 507
369 989
278 497
467 440
378 101
469 266
696 322
398 782
37 118
662 519
630 351
443 675
503 575
184 517
922 831
260 954
946 137
790 504
956 193
225 73
148 537
849 764
22 54
20 723
315 425
470 759
533 384
514 9
386 436
432 218
841 882
400 632
594 106
23 702
873 417
271 736
132 698
229 86
142 631
156 437
220 703
850 802
355 640
949 158
823 757
720 314
4 515
522 885
555 258
251 960
333 583
14 693
699 568
222 855
575 197
759 360
246 581
158 415
329 799
937 600
664 256
744 110
798 847
126 910
824 70
623 318
97 644
795 967
316 849
796 43
265 693
338 497
652 271
212 908
622 50
529 305
530 10
364 180
383 232
610 828
633 645
190 584
822 635
417 1000
541 663
880 90
790 427
117 397
120 782
725 559
685 481
232 855
895 496
784 969
979 45
899 453
325 355
793 842
371 221
996 839
253 129
866 568
188 556
449 788
926 262
936 566
441 376
612 87
724 573
618 88
81 515
214 391
654 928
450 917
775 180
303 932
825 851
510 637
60 1000
915 509
321 508
730 848
722 460
954 651
169 945
920 791
959 158
617 307
708 926
158 507
731 471
623 237
790 920
458 401
388 100
928 145
503 163
565 164
645 63
899 624
986 281
34 554
96 989
230 836
821 891
770 767
592 157
739 222
105 786
74 291
946 367
433 384
412 438
383 140
991 461
943 46
445 228
567 658
507 880
496 383
316 458
248 496
67 852
327 37
435 492
810 544
975 238
153 803
112 730
913 338
878 819
535 86
791 200
301 60
196 278
331 877
745 507
732 791
56 760
524 43
708 280
710 698
548 161
695 50
789 185
404 153
776 812
228 997
708 431
379 627
571 113
521 644
812 125
390 47
195 133
660 313
54 216
772 787
886 634
837 623
409 796
641 156
419 730
132 513
108 896
215 956
328 512
441 999
769 737
399 90
996 38
778 369
467 720
360 768
566 496
34 705
436 221
510 970
204 145
260 387
318 153
873 582
175 452
624 588
768 470
806 178
790 791
666 865
459 37
946 561
758 432
843 955
679 273
298 508
526 188
126 672
490 210
861 563
74 327
973 93
691 505
341 586
400 179
679 631
244 602
524 564
744 610
168 62
903 857
253 517
575 524
420 412
72 652
941 700
412 808
635 369
992 778
462 162
196 266
822 706
760 830
562 135
709 52
36 290
956 499
245 628
660 164
504 306
334 39
840 140
768 697
107 639
861 266
475 243
974 219
817 172
975 695
210 271
876 856
699 817
438 263
457 444
777 927
885 678
754 698
393 902
176 274
379 381
161 162
660 76
369 263
595 625
372 702
636 323
29 107
492 587
497 91
260 321
503 69
696 775
644 495
296 963
748 555
984 395
534 830
95 924
561 764
677 498
125 661
576 715
445 46
549 648
94 239
155 121
175 106
770 598
938 768
596 484
84 176
1000 601
69 420
785 115
733 737
826 957
813 549
170 569
541 598
981 287
340 393
307 320
74 93
58 582
757 248
390 905
102 391
966 92
70 161
770 235
255 239
628 587
795 296
371 418
747 79
748 284
3 291
125 950
719 173
277 378
612 403
297 596
429 79
680 147
955 11
863 448
158 806
301 421
676 935
783 973
625 777
241 732
702 931
813 122
15 968
110 462
699 127
59 796
427 848
301 951
569 607
200 214
851 409
51 781
68 981
362 566
445 541
229 166
56 868
313 386
208 111
760 716
411 514
223 178
327 431
359 932
554 497
593 92
591 761
172 297
358 884
90 510
905 57
823 239
981 782
991 32
843 869
481 548
977 991
670 394
355 62
308 335
86 332
790 590
848 987
450 790
632 962
361 542
990 897
131 236
702 119
857 972
92 559
143 605
202 59
934 888
349 184
630 43
23 59
5 604
524 764
891 701
343 990
752 479
588 763
990 163
842 464
400 921
576 2
614 462
870 932
118 665
193 758
747 43
641 602
269 697
1 315
352 81
67 550
552 442
555 781
148 429
137 948
263 44
727 523
547 225
548 142
586 857
739 785
96 197
680 566
581 962
68 43
234 319
400 613
457 532
850 997
998 181
67 469
177 661
340 839
287 728
453 736
717 275
737 445
439 525
617 903
808 464
752 938
163 599
21 349
523 183
851 281
33 423
52 325
643 954
685 727
637 190
712 331
864 518
575 248
333 765
464 372
768 348
109 406
598 237
82 846
831 429
769 934
645 27
556 618
601 887
160 123
724 595
881 39
62 374
377 386
545 776
957 39
322 387
325 992
507 901
382 531
364 10
915 362
900 510
755 920
947 61
108 7
518 980
597 965
9 548
902 439
123 578
287 437
774 969
701 103
740 979
245 91
72 661
969 311
146 538
423 431
583 276
549 132
54 738
774 747
685 452
735 184
287 479
174 187
549 277
59 747
126 35
435 826
275 977
884 971
9 274
130 262
263 16
52 427
837 443
73 262
295 387
298 613
885 431
271 843
964 50
214 561
766 98
909 21
132 748
519 496
997 950
724 594
727 269
987 204
803 325
343 4
54 217
793 351
78 211
579 298
15 294
557 351
890 844
216 691
17 966
442 593
270 259
255 963
185 489
424 623
312 226
705 738
133 9
355 953
270 178
768 27
882 954
475 624
95 955
706 204
688 591
599 379
964 660
549 514
91 512
130 944
593 326
982 932
283 210
855 578
87 564
751 541
184 269
991 2
958 345
800 87
305 527
195 911
895 998
916 949
188 476
444 374
585 592
496 269
335 268
299 874
217 485
239 864
106 885
684 819
500 380
11 603
874 577
534 908
54 607
58 530
296 899
379 978
537 672
250 569
625 659
991 996
706 884
121 460
747 128
435 592
654 442
737 170
974 169
650 547
412 878
638 250
785 764
435 903
111 862
332 601
867 904
870 473
29 727
785 653
254 882
347 60
935 663
73 987
72 501
517 563
384 977
119 449
998 460
603 412
648 653
993 716
850 719
594 204
82 613
363 800
845 456
318 88
603 186
535 785
517 870
935 219
591 661
942 781
506 331
223 234
463 667
320 411
262 530
549 550
626 475
735 335
736 144
541 130
781 403
408 925
575 359
482 18
897 862
457 368
554 174
317 196
35 623
567 157
457 449
502 998
635 294
196 570
416 618
257 938
844 554
648 261
468 310
400 958
628 596
187 390
633 954
407 661
214 957
50 178
900 596
676 194
662 917
154 244
12 250
710 993
396 281
883 431
116 6
723 22
266 893
750 829
362 898
278 354
988 114
71 814
954 136
650 711
462 89
980 542
819 920
953 398
771 541
168 742
542 984
780 981
565 537
840 56
418 114
493 462
202 781
922 426
384 56
461 48
926 458
966 827
755 52
60 966
573 891
298 863
691 321
923 916
121 804
731 47
513 912
881 766
276 874
843 518
449 955
702 335
830 256
188 288
692 289
485 493
609 809
276 584
540 749
247 39
194 81
810 337
773 113
151 957
833 270
173 805
528 828
194 448
615 519
380 507
865 669
826 653
207 634
445 49
599 400
503 511
285 552
199 998
312 762
668 601
152 867
527 804
70 849
770 571
847 571
630 185
957 71
575 744
580 902
451 842
892 636
141 58
556 141
56 973
810 182
468 219
516 87
108 815
247 649
804 428
975 133
170 828
634 505
903 977
16 74
174 271
983 527
345 911
767 180
441 412
188 959
806 717
49 103
529 925
270 889
954 226
368 985
719 934
673 586
124 684
231 712
750 584
606 556
954 85
822 173
689 416
105 41
909 731
860 143
510 528
65 683
341 526
824 552
749 712
73 980
972 672
646 929
974 306
356 77
211 834
86 818
622 352
431 632
3 974
322 732
464 486
872 483
691 937
507 88
548 722
971 489
733 714
864 519
904 446
943 189
459 518
982 235
214 65
91 950
147 904
846 522
522 836
742 747
621 506
949 259
346 744
937 459
386 579
170 442
669 900
235 720
731 759
754 300
117 732
133 327
818 721
212 320
433 565
995 955
173 555
709 905
157 871
123 724
157 24
383 142
666 604
491 18
44 792
705 242
155 209
395 542
914 350
348 678
204 642
339 38
365 657
741 175
465 535
598 577
657 401
849 681
296 823
760 508
558 179
575 883
580 559
600 357
693 968
606 863
629 230
372 113
155 763
125 263
16 197
988 139
981 699
442 99
599 611
436 27
950 203
480 257
992 801
154 974
85 858
121 529
505 946
570 470
78 161
741 303
923 830
638 953
819 833
16 626
660 315
383 774
224 757
243 147
93 929
68 814
87 2
91 71
256 176
664 45
39 159
77 754
209 240
309 563
375 775
975 7
12 853
159 518
837 71
399 55
368 607
389 13
123 199
720 335
550 846
794 850
512 143
623 259
946 604
187 772
108 311
696 948
773 73
972 777
823 243
491 618
327 228
312 707
558 672
818 757
356 564
821 974
400 294
607 61
131 150
667 504
260 818
743 557
473 866
50 474
86 484
326 55
251 157
190 518
943 204
140 303
108 251
876 514
933 486
292 498
350 328
83 463
728 24
272 14
491 146
295 866
908 187
791 238
118 710
746 791
415 42
589 715
663 272
847 55
558 62
427 584
687 747
158 712
768 524
568 782
640 608
718 256
314 74
45 170
671 906
653 427
859 762
759 861
387 811
172 51
67 287
160 683
89 91
194 570
65 738
686 444
135 462
578 798
211 540
253 425
111 63
992 295
556 88
977 53
119 448
543 354
466 562
217 584
750 354
16 749
347 221
659 364
232 11
285 31
323 340
626 871
646 248
190 132
952 499
644 489
972 974
104 750
756 597
652 972
544 717
891 230
659 236
649 828
294 49
901 87
160 314
191 395
662 458
750 549
91 623
274 69
117 739
388 461
907 859
198 300
625 16
187 845
477 763
924 446
196 773
148 992
200 538
45 552
193 349
527 880
71 340
863 200
61 222
545 529
196 571
378 834
71 485
516 374
165 864
773 609
710 196
288 661
254 320
680 119
519 998
131 801
150 15
867 491
176 662
28 687
858 990
782 576
343 538
948 872
491 783
478 539
483 911
223 323
124 939
298 888
400 861
558 90
962 387
749 789
770 442
115 201
793 244
319 320
142 521
177 367
729 906
694 180
915 585
882 428
497 906
868 751
445 682
245 872
873 55
803 284
349 986
747 674
690 950
622 325
474 61
349 843
138 183
744 179
398 258
425 641
460 79
833 483
760 573
789 841
565 988
640 397
258 109
111 422
976 501
207 807
522 929
583 712
506 364
380 389
451 641
661 602
424 695
124 41
778 646
908 729
470 370
458 346
991 52
223 94
194 133
744 783
636 805
801 472
506 78
387 235
977 767
994 306
781 263
450 537
783 329
877 350
592 466
444 127
210 808
818 927
675 634
213 935
199 660
89 634
295 853
921 478
222 981
499 710
527 618
931 853
714 47
995 288
456 307
995 602
524 988
852 433
379 925
149 865
541 971
546 727
837 52
15 776
927 314
288 927
382 403
352 194
174 383
330 401
263 368
864 109
600 599
656 281
148 141
349 540
578 838
889 639
899 285
510 529
371 877
694 3
141 897
950 441
642 614
807 352
835 107
85 520
102 606
51 664
366 35
513 710
613 34
940 278
560 552
824 263
643 973
309 193
654 529
560 257
636 500
484 889
748 734
894 932
494 489
846 523
797 221
303 276
911 85
806 149
990 694
222 348
355 122
92 888
866 339
353 396
26 538
709 999
105 791
346 523
885 269
723 695
230 933
231 500
69 489
288 384
544 177
672 486
138 558
144 847
218 880
184 704
76 871
459 582
804 370
363 437
793 711
779 564
173 349
379 968
987 649
143 849
735 747
794 219
170 785
279 401
28 663
571 295
257 179
184 909
3 435
421 992
171 981
119 955
653 309
618 884
343 691
128 896
55 127
457 980
404 821
701 553
560 899
784 276
742 415
561 8
837 441
883 279
333 202
760 74
816 236
319 267
68 9
50 556
326 655
99 917
746 244
819 832
306 789
186 18
592 530
449 535
447 36
674 488
825 876
424 819
358 976
935 416
481 791
116 674
502 655
94 581
460 151
389 157
63 458
449 380
324 998
398 101
184 49
792 432
665 934
5 77
321 104
375 469
823 604
696 76
554 406
863 416
857 936
773 72
227 66
375 330
217 88
153 704
619 597
451 999
490 515
161 545
845 681
934 164
611 57
304 707
620 441
861 929
398 929
866 89
587 380
524 567
397 215
145 390
148 803
166 540
903 717
822 935
605 301
862 420
794 140
153 828
871 525
358 199
44 779
288 761
474 960
560 116
365 773
206 315
608 1
409 91
508 551
714 502
898 17
974 828
791 350
634 673
443 293
675 78
803 5
698 821
236 788
37 837
767 747
623 813
407 369
789 75
438 363
28 30
371 948
523 19
262 69
760 234
474 439
368 926
77 122
647 434
7 787
224 73
821 331
345 386
509 655
807 296
369 260
628 550
115 296
958 940
975 982
778 62
590 149
986 445
7 561
765 303
33 222
255 993
368 715
702 288
152 764
815 515
172 519
902 579
783 33
125 545
688 621
892 261
569 222
308 374
458 295
477 585
388 462
173 848
246 398
709 814
910 79
856 996
938 892
260 128
655 313
70 875
94 125
351 854
45 551
815 71
31 596
363 756
396 215
783 485
821 594
127 255
803 531
421 356
151 712
250 278
614 544
231 85
573 98
406 11
135 587
102 442
144 38
219 762
109 706
179 966
130 73
596 52
33 882
987 753
400 975
858 957
221 185
495 974
614 432
228 715
126 158
187 467
62 938
362 896
594 215
119 784
379 591
784 259
343 488
606 566
828 596
854 988
840 58
15 634
950 35
399 475
826 117
910 341
333 99
409 627
73 574
556 61
918 572
613 188
29 987
837 548
531 649
785 905
994 821
526 652
635 817
910 751
267 603
659 301
168 484
989 794
186 601
946 771
48 586
158 387
307 967
843 649
869 836
220 840
43 961
473 28
40 601
705 857
759 394
355 64
783 580
678 948
791 655
61 942
85 24
625 51
237 301
645 198
569 198
868 401
644 2
347 898
820 47
61 112
100 714
691 41
415 681
877 494
407 981
121 78
819 397
16 430
839 822
532 814
240 844
792 979
558 810
670 980
641 558
865 200
507 633
779 664
656 237
552 46
844 814
137 808
282 602
875 896
550 920
613 166
372 142
466 183
858 725
491 520
221 636
483 648
392 753
561 189
197 610
876 765
736 40
440 725
292 606
612 939
636 844
945 828
33 346
315 341
788 478
935 345
299 251
120 428
547 792
432 984
313 43
350 101
833 684
941 729
211 836
674 276
695 494
147 172
310 904
61 526
775 342
686 727
215 773
697 254
296 247
789 726
84 337
280 506
87 463
90 465
327 476
294 239
373 558
835 281
765 584
389 626
669 898
545 156
238 368
916 557
649 174
562 633
302 452
491 509
494 640
297 68
777 370
338 616
930 509
672 392
213 856
895 860
71 142
338 507
255 66
4 468
499 564
795 483
84 90
467 82
53 736
761 186
615 819
211 89
620 139
536 710
804 450
5 243
92 300
681 281
576 97
795 257
317 605
836 947
549 274
733 469
358 594
813 413
724 776
676 107
811 644
617 693
500 991
194 670
236 817
495 228
44 124
360 313
729 848
287 808
419 480
846 57
831 431
686 422
729 961
570 71
57 360
149 312
801 665
318 321
45 503
509 746
517 621
3 927
150 850
963 29
911 357
385 579
322 62
858 156
587 630
694 782
288 617
475 708
812 701
523 434
318 50
159 806
113 124
65 241
569 193
806 182
646 463
434 281
753 61
200 907
169 220
868 474
961 40
565 422
325 961
274 257
131 152
369 901
886 226
448 52
231 283
655 341
696 282
705 220
401 411
624 155
333 727
398 704
336 197
83 446
304 433
33 853
231 78
622 130
469 693
932 51
275 729
434 811
166 767
188 771
686 6
67 594
351 333
140 926
303 562
567 769
148 497
885 366
410 436
858 794
474 739
22 265
139 47
654 578
704 463
444 842
104 651
727 445
86 559
180 544
63 484
272 603
913 708
724 625
85 749
945 836
33 258
79 18
149 348
824 482
458 684
497 206
901 5
302 977
428 628
51 723
289 218
471 310
140 950
426 85
7 560
220 869
640 338
535 899
282 720
887 108
817 846
910 477
920 434
397 310
762 486
422 203
600 501
613 684
853 157
265 668
657 898
485 825
881 236
899 989
406 703
632 938
669 763
191 619
892 484
877 376
182 854
293 199
524 823
27 39
504 952
32 863
362 442
933 55
576 796
406 409
874 529
490 262
715 323
454 501
645 532
597 875
89 572
733 379
257 984
330 318
222 992
278 54
304 349
693 925
197 46
1 467
201 590
707 721
901 220
823 159
77 473
831 688
667 947
804 248
529 456
1 253
720 755
938 941
831 513
861 362
655 740
966 943
825 713
591 310
650 292
391 838
396 856
146 519
974 469
875 660
485 264
566 227
732 287
699 974
416 566
519 219
522 77
81 491
797 469
565 937
492 427
94 627
494 169
838 502
298 124
9 231
564 375
602 174
450 83
588 333
664 261
995 341
200 161
501 516
377 526
902 914
446 366
493 817
277 772
260 214
562 594
636 807
583 1000
285 549
92 773
971 10
772 73
322 521
351 804
389 519
908 569
321 881
688 967
766 940
715 414
53 731
222 162
151 98
120 676
529 86
657 25
932 149
460 88
630 147
444 251
942 458
926 847
715 764
809 375
500 508
64 298
762 305
102 310
603 895
529 880
934 681
866 723
409 18
525 452
836 408
328 874
385 9
174 381
50 951
699 46
791 502
577 910
104 692
525 678
267 186
328 956
133 605
184 676
962 551
944 102
515 235
125 51
362 647
695 203
57 339
663 937
133 750
528 761
725 772
138 52
487 829
825 854
219 419
133 895
885 666
706 722
986 451
273 628
882 176
76 383
722 457
363 749
146 269
94 623
220 958
225 976
87 462
273 662
554 289
636 346
534 779
403 503
389 200
172 712
104 302
576 664
114 379
457 16
613 659
192 657
35 893
240 173
437 589
277 792
886 788
853 85
948 383
1 814
734 193
313 704
681 475
27 126
610 467
766 889
765 794
969 729
400 332
344 985
724 341
322 673
931 533
514 535
730 985
98 408
335 421
844 621
704 56
406 48
210 849
118 846
512 875
914 639
850 385
368 682
500 58
279 397
693 981
62 871
720 925
36 362
81 597
98 621
74 942
430 916
582 110
219 963
968 426
219 880
685 115
963 821
431 847
21 411
557 185
480 755
558 370
543 506
9 89
430 737
988 859
3 343
438 316
279 964
406 922
488 45
625 748
954 854
276 190
149 424
557 347
12 848
252 77
993 128
906 164
730 928
747 186
392 177
452 982
934 361
294 42
180 243
207 793
467 580
104 266
821 809
639 829
751 680
276 754
207 654
578 14
321 31
599 484
527 123
255 690
274 495
44 985
26 636
669 790
527 232
714 929
643 487
2 485
882 747
848 935
464 912
874 683
729 164
342 593
326 42
532 641
202 236
700 355
645 430
886 18
616 530
606 141
678 302
771 472
5 912
689 583
211 135
819 452
846 328
138 366
700 65
775 529
776 433
596 18
755 627
511 297
314 887
106 245
912 64
849 539
573 458
901 877
650 559
585 482
862 525
547 189
920 361
977 264
775 981
529 747
159 304
312 473
764 935
376 992
837 701
453 676
846 133
205 3
172 844
599 983
694 921
881 132
147 374
188 737
627 391
169 611
831 49
906 344
867 121
322 3
177 780
52 168
829 560
80 209
759 307
541 124
431 229
82 899
416 51
750 50
199 216
94 438
77 700
173 829
217 9
554 392
43 645
227 96
428 953
857 217
655 394
790 679
807 767
204 912
813 894
774 263
904 949
724 286
796 227
249 250
822 871
325 821
397 104
770 962
438 636
704 371
451 739
18 842
184 762
444 180
49 268
286 563
303 755
676 383
623 954
496 523
280 616
653 153
509 267
685 264
387 733
997 566
227 794
214 800
513 447
306 407
555 804
681 737
426 720
23 982
512 625
508 436
549 442
509 109
291 390
737 202
223 963
289 697
976 541
851 303
779 58
716 612
964 118
638 101
395 309
306 840
737 404
612 512
613 297
544 800
124 362
497 792
925 238
177 590
270 477
314 417
467 945
381 599
4 664
405 711
688 301
797 69
233 576
147 112
539 690
939 252
668 470
389 211
138 597
929 934
839 351
330 525
496 141
938 60
481 575
446 367
657 988
703 928
859 466
759 730
140 468
773 910
429 712
800 36
450 741
252 569
181 627
575 647
299 904
411 242
749 400
862 177
717 754
23 449
101 929
363 106
302 251
838 473
662 875
965 954
408 522
447 875
344 988
727 810
923 490
943 999
950 700
966 460
610 709
747 990
706 777
72 885
804 142
552 447
805 595
537 269
618 160
124 878
606 641
789 175
93 882
721 681
391 903
103 441
970 628
96 329
99 890
405 807
872 698
390 69
158 33
340 844
876 782
366 196
682 252
941 326
609 766
703 860
668 418
337 979
416 302
470 209
933 711
366 38
497 149
102 556
621 724
103 893
588 483
972 898
313 267
744 33
726 369
328 688
432 663
18 336
660 871
82 843
947 757
605 913
911 86
513 515
18 227
972 96
294 124
830 2
868 337
597 381
85 314
200 799
400 431
536 971
630 511
558 648
762 815
230 969
467 393
479 432
221 650
458 204
576 935
352 208
283 491
502 157
84 738
293 158
923 59
377 101
153 948
84 100
304 83
931 741
680 931
862 463
311 351
81 682
830 553
796 496
338 283
176 706
968 442
127 919
165 694
794 38
390 112
960 194
870 837
136 900
564 84
586 132
589 803
606 835
992 211
139 649
512 906
654 757
107 760
698 941
607 703
441 444
386 455
667 634
797 935
724 889
376 231
249 607
859 658
704 404
918 809
387 819
580 344
768 668
879 332
348 260
918 920
281 453
746 243
110 378
797 378
817 356
569 267
181 213
12 849
380 123
853 199
401 538
611 505
755 353
63 102
526 586
748 686
414 980
448 498
241 535
3 853
440 158
939 196
284 23
783 127
821 808
949 355
311 846
682 110
522 759
429 767
673 353
639 650
179 488
454 850
717 600
406 657
316 765
765 844
1 777
697 724
42 544
644 53
94 132
973 703
278 351
479 330
670 737
360 706
70 925
127 196
934 810
244 928
134 930
601 481
537 165
435 417
3 101
632 42
903 718
567 637
309 797
188 174
214 938
529 174
583 503
490 740
550 708
786 22
587 222
689 800
716 544
11 314
505 647
329 290
275 899
493 345
314 999
906 547
197 530
671 993
675 482
234 94
440 945
537 453
167 518
115 241
180 947
506 581
650 434
438 511
524 340
104 653
641 464
971 873
533 226
147 411
2 618
778 219
500 723
176 185
57 394
665 331
390 156
855 72
103 679
916 60
918 646
578 687
975 979
379 224
215 862
93 186
870 569
494 258
464 305
542 460
156 159
491 169
569 114
238 120
299 641
318 191
156 14
123 453
677 508
511 682
161 886
320 539
424 366
526 243
69 652
105 835
491 310
102 322
44 958
213 513
909 298
967 500
457 379
652 524
670 733
657 162
734 189
737 668
341 881
792 843
922 774
45 693
986 70
363 30
491 229
234 739
22 239
166 697
244 811
600 3
193 627
693 897
579 6
286 579
344 624
698 515
275 814
6 578
334 335
686 32
562 210
176 793
831 1000
267 434
529 795
513 446
235 262
92 389
975 450
44 288
33 236
696 810
948 906
110 609
168 328
572 782
685 41
279 696
728 564
153 345
641 60
864 163
276 17
281 445
283 521
765 125
837 656
755 59
223 625
370 231
29 984
129 742
181 13
229 817
485 391
642 916
734 790
181 958
988 546
437 292
313 238
62 4
261 118
268 790
394 425
459 133
42 103
904 278
317 319
483 11
247 34
85 195
88 729
549 628
911 125
808 690
146 457
520 326
282 569
464 684
599 318
744 896
930 585
60 502
759 52
248 654
564 6
892 411
394 794
549 854
74 310
593 530
977 755
139 894
1000 568
32 782
288 376
308 619
865 626
758 487
391 2
710 378
396 246
786 298
273 133
628 919
321 355
594 739
667 85
448 237
864 449
509 460
408 523
620 162
141 279
291 246
308 824
790 140
224 307
982 840
162 633
275 842
595 405
856 361
780 1
983 522
750 883
605 52
533 983
789 317
81 379
974 891
44 260
672 777
883 319
793 43
81 777
319 275
349 536
650 375
7 182
176 242
656 684
788 473
2 594
223 708
6 106
446 641
600 889
198 898
860 315
916 5
268 737
224 605
48 267
621 578
986 449
952 337
94 706
55 584
690 809
860 601
98 775
613 959
231 522
318 556
29 222
506 285
34 692
920 653
122 612
530 308
252 376
498 536
861 593
49 830
692 32
365 328
350 164
226 910
652 758
926 496
188 485
166 266
260 859
86 477
640 937
889 838
411 59
434 37
531 433
550 511
421 313
317 888
641 813
467 87
50 21
586 419
45 782
582 63
912 215
235 160
862 125
61 484
574 567
11 787
174 189
35 153
681 687
274 879
940 652
63 719
371 772
837 20
490 129
37 732
813 43
505 964
77 368
168 532
8 841
119 725
210 147
746 97
730 618
767 949
862 923
24 499
613 287
903 79
107 950
992 272
632 247
940 208
435 437
343 243
592 677
702 558
372 673
488 446
414 842
332 247
835 216
105 443
967 975
916 383
475 729
276 926
830 477
120 753
1000 424
268 990
51 406
198 539
935 130
722 717
355 12
119 63
14 185
677 455
90 291
40 532
55 592
274 493
833 122
84 308
88 943
108 466
37 90
844 350
795 162
313 212
199 826
937 85
114 974
524 563
657 86
362 468
274 542
410 110
982 918
291 801
681 489
814 207
799 409
144 77
554 520
174 217
378 636
589 710
245 716
597 551
671 992
322 119
179 754
733 167
326 519
979 859
979 107
345 891
59 777
409 746
106 292
513 236
343 433
915 560
954 22
24 463
537 354
838 210
120 975
930 15
608 157
665 330
794 622
445 754
448 966
105 373
650 97
601 757
640 298
551 803
73 864
402 854
259 995
318 66
68 557
894 913
53 159
130 844
385 733
887 248
834 996
268 962
604 542
735 292
627 679
369 235
242 379
778 751
393 331
677 507
611 379
618 881
213 59
574 220
867 82
299 942
999 593
530 30
821 557
933 163
644 42
972 399
499 979
226 41
282 520
771 932
726 890
767 346
607 173
573 496
496 303
4 280
196 695
396 49
662 828
40 475
956 217
633 956
886 286
374 546
503 970
913 746
128 558
684 563
482 707
70 442
252 759
922 251
763 815
110 614
488 817
488 826
289 703
145 819
439 945
211 765
157 352
512 657
608 202
882 425
242 840
889 727
621 972
214 482
108 801
492 640
309 470
863 915
534 657
595 933
211 672
323 166
752 788
458 643
520 137
918 675
302 990
319 946
391 609
985 690
45 291
181 957
57 135
152 685
100 35
216 480
142 776
592 907
778 304
798 695
587 640
94 400
645 32
204 208
406 636
942 930
320 509
820 58
235 746
186 878
626 505
394 963
593 640
354 148
230 803
670 540
798 593
86 327
783 295
92 768
425 935
835 748
52 706
164 260
829 22
26 293
580 908
782 533
781 147
748 202
92 550
410 837
884 679
862 465
645 629
877 619
856 138
965 1000
947 373
804 426
645 416
96 905
225 109
98 725
481 219
615 920
970 165
486 84
457 850
280 757
903 311
651 422
193 888
789 316
25 39
797 961
979 930
375 757
818 476
922 768
976 620
101 325
176 100
253 10
320 82
129 178
223 694
561 151
181 553
690 629
380 883
306 874
681 782
388 552
445 713
932 921
77 62
